"","X","Year","Age","ASFR"
"1",1,1959,12,0
"2",2,1959,13,2.63901112278022e-05
"3",3,1959,14,0.000323574227564717
"4",4,1959,15,0.00186945676909421
"5",5,1959,16,0.00744751245577605
"6",6,1959,17,0.0212101239595936
"7",7,1959,18,0.0500887084717937
"8",8,1959,19,0.0969588132746562
"9",9,1959,20,0.126233688692965
"10",10,1959,21,0.157145141895918
"11",11,1959,22,0.177601799323102
"12",12,1959,23,0.187438327297222
"13",13,1959,24,0.192220595175698
"14",14,1959,25,0.174825006055003
"15",15,1959,26,0.150550175318559
"16",16,1959,27,0.159489412740576
"17",17,1959,28,0.129113055439313
"18",18,1959,29,0.139119876701401
"19",19,1959,30,0.107643264807239
"20",20,1959,31,0.111300360781837
"21",21,1959,32,0.0877722836811534
"22",22,1959,33,0.0830673751690164
"23",23,1959,34,0.0745760660119426
"24",24,1959,35,0.065388522028053
"25",25,1959,36,0.0567446249510875
"26",26,1959,37,0.0541235023446529
"27",27,1959,38,0.0406672672790525
"28",28,1959,39,0.0398245454027446
"29",29,1959,40,0.0254553506601761
"30",30,1959,41,0.0273587743629275
"31",31,1959,42,0.0153209038539147
"32",32,1959,43,0.0105987397185617
"33",33,1959,44,0.00687911670733229
"34",34,1959,45,0.0047801837341556
"35",35,1959,46,0.00247322646925479
"36",36,1959,47,0.00176643092552228
"37",37,1959,48,0.00100717342219977
"38",38,1959,49,0.000876501422737461
"39",39,1959,50,0.000340651927430708
"40",40,1959,51,0.000248372167474973
"41",41,1959,52,0.000193863230021762
"42",42,1959,53,0.000220190546600764
"43",43,1959,54,0.000478596337912477
"44",44,1959,55,0
"45",45,1960,12,0
"46",46,1960,13,1.98362864860241e-05
"47",47,1960,14,0.000271635815197709
"48",48,1960,15,0.0017846238571023
"49",49,1960,16,0.00848334166815396
"50",50,1960,17,0.0272387852472207
"51",51,1960,18,0.0503668174658991
"52",52,1960,19,0.0960515398631659
"53",53,1960,20,0.132860960826251
"54",54,1960,21,0.148379908842084
"55",55,1960,22,0.17191298857
"56",56,1960,23,0.180246371326437
"57",57,1960,24,0.183099157163895
"58",58,1960,25,0.179453900130798
"59",59,1960,26,0.158216906734129
"60",60,1960,27,0.139926842494801
"61",61,1960,28,0.146585566238917
"62",62,1960,29,0.122950698519221
"63",63,1960,30,0.122898796541291
"64",64,1960,31,0.0940504407966739
"65",65,1960,32,0.102519910340638
"66",66,1960,33,0.0772228628845001
"67",67,1960,34,0.0754772958724047
"68",68,1960,35,0.0655695470512311
"69",69,1960,36,0.0556817815305135
"70",70,1960,37,0.0494342887527827
"71",71,1960,38,0.0454946177677162
"72",72,1960,39,0.0335529288291433
"73",73,1960,40,0.0294031689572906
"74",74,1960,41,0.0174817560213649
"75",75,1960,42,0.0204918329372677
"76",76,1960,43,0.00953499060703179
"77",77,1960,44,0.00646711957981824
"78",78,1960,45,0.00400382490167325
"79",79,1960,46,0.00249670111679591
"80",80,1960,47,0.00143216824360453
"81",81,1960,48,0.00104092963392923
"82",82,1960,49,0.000455196890622219
"83",83,1960,50,0.000391827435234433
"84",84,1960,51,0.000262485175959956
"85",85,1960,52,0.000267137415620706
"86",86,1960,53,0.000243046087563353
"87",87,1960,54,0.000497724059005059
"88",88,1960,55,0
"89",89,1961,12,0
"90",90,1961,13,2.45731094031687e-05
"91",91,1961,14,0.000255449673046947
"92",92,1961,15,0.00198413882696535
"93",93,1961,16,0.00903051957064576
"94",94,1961,17,0.0347732428418256
"95",95,1961,18,0.0697054705103078
"96",96,1961,19,0.101806779147794
"97",97,1961,20,0.145528258816415
"98",98,1961,21,0.161493717369518
"99",99,1961,22,0.163944771401628
"100",100,1961,23,0.170993337410309
"101",101,1961,24,0.16971128337868
"102",102,1961,25,0.165096799291311
"103",103,1961,26,0.15835768144711
"104",104,1961,27,0.141048693529426
"105",105,1961,28,0.117016570394358
"106",106,1961,29,0.128745903253834
"107",107,1961,30,0.10714439591246
"108",108,1961,31,0.100409158772429
"109",109,1961,32,0.0773692365864923
"110",110,1961,33,0.0795462956179227
"111",111,1961,34,0.063416622252182
"112",112,1961,35,0.0606849564733423
"113",113,1961,36,0.0503553656029451
"114",114,1961,37,0.0421590248295075
"115",115,1961,38,0.0355206598621833
"116",116,1961,39,0.032839906297873
"117",117,1961,40,0.0241783757778051
"118",118,1961,41,0.0190378662262696
"119",119,1961,42,0.0115040048750771
"120",120,1961,43,0.0113276148801097
"121",121,1961,44,0.00558069023629137
"122",122,1961,45,0.00361491363607663
"123",123,1961,46,0.00181444786110114
"124",124,1961,47,0.0011692379035762
"125",125,1961,48,0.000672181875274595
"126",126,1961,49,0.000463868824191042
"127",127,1961,50,0.000234263093850342
"128",128,1961,51,0.000196440274642951
"129",129,1961,52,0.000150778003368664
"130",130,1961,53,0.000166706863836503
"131",131,1961,54,0.000304898584484803
"132",132,1961,55,0
"133",133,1962,12,0
"134",134,1962,13,2.40402700685987e-05
"135",135,1962,14,0.000271174179944513
"136",136,1962,15,0.00152723961661613
"137",137,1962,16,0.00861861304715284
"138",138,1962,17,0.0295789541106113
"139",139,1962,18,0.0697629774031061
"140",140,1962,19,0.11412909746945
"141",141,1962,20,0.125514094397197
"142",142,1962,21,0.155297067504247
"143",143,1962,22,0.163539718059281
"144",144,1962,23,0.159581121097492
"145",145,1962,24,0.160001053165301
"146",146,1962,25,0.155079543304182
"147",147,1962,26,0.146496510159966
"148",148,1962,27,0.139246211787122
"149",149,1962,28,0.119313672764022
"150",150,1962,29,0.106679642661412
"151",151,1962,30,0.113175298068076
"152",152,1962,31,0.0883412266133824
"153",153,1962,32,0.085516690974626
"154",154,1962,33,0.0652431845795778
"155",155,1962,34,0.0677174104043209
"156",156,1962,35,0.052486343988913
"157",157,1962,36,0.0485847137808204
"158",158,1962,37,0.0407804803751915
"159",159,1962,38,0.0338953183772227
"160",160,1962,39,0.0283855282492403
"161",161,1962,40,0.0244964926493259
"162",162,1962,41,0.0165275299825669
"163",163,1962,42,0.0133441047031368
"164",164,1962,43,0.00709312731135953
"165",165,1962,44,0.00721610815617079
"166",166,1962,45,0.00314449216606579
"167",167,1962,46,0.00164427606220607
"168",168,1962,47,0.000912555827423389
"169",169,1962,48,0.000625071321229644
"170",170,1962,49,0.000323907107952342
"171",171,1962,50,0.000246707476284447
"172",172,1962,51,0.000157105367480554
"173",173,1962,52,0.000161528733631247
"174",174,1962,53,0.000142240246330357
"175",175,1962,54,0.000291749312672784
"176",176,1962,55,0
"177",177,1963,12,0
"178",178,1963,13,1.89392758114026e-05
"179",179,1963,14,0.00023824407568259
"180",180,1963,15,0.00185819277636075
"181",181,1963,16,0.00738031141433217
"182",182,1963,17,0.0302979928558369
"183",183,1963,18,0.0685304514648269
"184",184,1963,19,0.127328890467188
"185",185,1963,20,0.149790890674478
"186",186,1963,21,0.141352319701912
"187",187,1963,22,0.164332400712548
"188",188,1963,23,0.16060473262522
"189",189,1963,24,0.151078284655876
"190",190,1963,25,0.143792116023484
"191",191,1963,26,0.138103538907869
"192",192,1963,27,0.130287981053489
"193",193,1963,28,0.121222519313827
"194",194,1963,29,0.111562877455836
"195",195,1963,30,0.0941336313662889
"196",196,1963,31,0.0943737558064198
"197",197,1963,32,0.0757590960354733
"198",198,1963,33,0.0704039219404042
"199",199,1963,34,0.0554593437953976
"200",200,1963,35,0.0554180733600682
"201",201,1963,36,0.0424728187164888
"202",202,1963,37,0.0387986227437681
"203",203,1963,38,0.0309631061712904
"204",204,1963,39,0.02590194496921
"205",205,1963,40,0.021177459587596
"206",206,1963,41,0.0168134791793539
"207",207,1963,42,0.0117627276554785
"208",208,1963,43,0.00818151339494755
"209",209,1963,44,0.0042598222225332
"210",210,1963,45,0.00410536728528612
"211",211,1963,46,0.00162634812013055
"212",212,1963,47,0.000883547796299263
"213",213,1963,48,0.000469615873104716
"214",214,1963,49,0.000321100802872183
"215",215,1963,50,0.000199935142084079
"216",216,1963,51,0.000165227419649128
"217",217,1963,52,0.000125571730855773
"218",218,1963,53,0.000138644041704448
"219",219,1963,54,0.000217943955719114
"220",220,1963,55,0
"221",221,1964,12,0
"222",222,1964,13,2.54324238459632e-05
"223",223,1964,14,0.00024137624828753
"224",224,1964,15,0.00146907179479804
"225",225,1964,16,0.00813116579069561
"226",226,1964,17,0.0245081918745573
"227",227,1964,18,0.0692434916341187
"228",228,1964,19,0.115522166420257
"229",229,1964,20,0.151512847669923
"230",230,1964,21,0.154484385915535
"231",231,1964,22,0.141458203582484
"232",232,1964,23,0.156935222777998
"233",233,1964,24,0.146092095250322
"234",234,1964,25,0.133574162465578
"235",235,1964,26,0.124022689499927
"236",236,1964,27,0.120686273110314
"237",237,1964,28,0.111516158240533
"238",238,1964,29,0.107541150974374
"239",239,1964,30,0.0955907264544443
"240",240,1964,31,0.0781863270478428
"241",241,1964,32,0.0800646854216691
"242",242,1964,33,0.0614544685513943
"243",243,1964,34,0.058248451938748
"244",244,1964,35,0.0456059598401844
"245",245,1964,36,0.0438165663170626
"246",246,1964,37,0.033608612746236
"247",247,1964,38,0.0296395110374136
"248",248,1964,39,0.023934089127652
"249",249,1964,40,0.0191076254068533
"250",250,1964,41,0.0139794157715389
"251",251,1964,42,0.0117608444878995
"252",252,1964,43,0.00744138447802441
"253",253,1964,44,0.00499691946610677
"254",254,1964,45,0.00246622735858804
"255",255,1964,46,0.00221387901685767
"256",256,1964,47,0.000867409195608613
"257",257,1964,48,0.000460441693382998
"258",258,1964,49,0.000253215590437495
"259",259,1964,50,0.000192180542925781
"260",260,1964,51,0.000128345497838359
"261",261,1964,52,0.000116559919086176
"262",262,1964,53,8.91731815316008e-05
"263",263,1964,54,0.000156836667656738
"264",264,1964,55,0
"265",265,1965,12,0
"266",266,1965,13,1.96523983010388e-05
"267",267,1965,14,0.00024989091250996
"268",268,1965,15,0.00149220018330288
"269",269,1965,16,0.00690532788875538
"270",270,1965,17,0.0270093977068174
"271",271,1965,18,0.0560813063993062
"272",272,1965,19,0.116034447344873
"273",273,1965,20,0.141572647469832
"274",274,1965,21,0.156806007719303
"275",275,1965,22,0.153038335252481
"276",276,1965,23,0.134058150942786
"277",277,1965,24,0.145982775310609
"278",278,1965,25,0.131861212637237
"279",279,1965,26,0.11984263893199
"280",280,1965,27,0.111544538650758
"281",281,1965,28,0.107389607599577
"282",282,1965,29,0.101720343618709
"283",283,1965,30,0.0961508200234244
"284",284,1965,31,0.0826809183930842
"285",285,1965,32,0.0679311959798103
"286",286,1965,33,0.0667613535539269
"287",287,1965,34,0.0536915034729332
"288",288,1965,35,0.0493434958322153
"289",289,1965,36,0.0378213275297622
"290",290,1965,37,0.0357036817074242
"291",291,1965,38,0.0267439550626884
"292",292,1965,39,0.0234621063652412
"293",293,1965,40,0.0176748537956879
"294",294,1965,41,0.0129633791705735
"295",295,1965,42,0.0101097283971606
"296",296,1965,43,0.00736767041900654
"297",297,1965,44,0.00456645354395527
"298",298,1965,45,0.0029344727154242
"299",299,1965,46,0.00126838138924144
"300",300,1965,47,0.00117464671890792
"301",301,1965,48,0.000503178447630872
"302",302,1965,49,0.000262489561669533
"303",303,1965,50,0.000142185172673408
"304",304,1965,51,0.000109366847988354
"305",305,1965,52,8.07297040786955e-05
"306",306,1965,53,8.41685356944238e-05
"307",307,1965,54,0.000140293572031904
"308",308,1965,55,0
"309",309,1966,12,0
"310",310,1966,13,2.4777881973055e-05
"311",311,1966,14,0.000285181006214754
"312",312,1966,15,0.00183524413504121
"313",313,1966,16,0.00784389334820076
"314",314,1966,17,0.0256905368815894
"315",315,1966,18,0.061787473763928
"316",316,1966,19,0.0972960034132735
"317",317,1966,20,0.154206370887251
"318",318,1966,21,0.156171726053039
"319",319,1966,22,0.166089913389424
"320",320,1966,23,0.151151292239381
"321",321,1966,24,0.129310361871936
"322",322,1966,25,0.138806323705096
"323",323,1966,26,0.121511365946331
"324",324,1966,27,0.11209866473456
"325",325,1966,28,0.101511672684189
"326",326,1966,29,0.101331860911129
"327",327,1966,30,0.0935403576255274
"328",328,1966,31,0.0844416028283386
"329",329,1966,32,0.0757932892910881
"330",330,1966,33,0.0601437392812253
"331",331,1966,34,0.060114330378995
"332",332,1966,35,0.0464259187294521
"333",333,1966,36,0.0407577706342214
"334",334,1966,37,0.031436901519744
"335",335,1966,38,0.0286491037293669
"336",336,1966,39,0.021406536399739
"337",337,1966,40,0.017379971150541
"338",338,1966,41,0.0121129263459033
"339",339,1966,42,0.00938662594551947
"340",340,1966,43,0.00630181066310925
"341",341,1966,44,0.00449441658434728
"342",342,1966,45,0.0027096377048425
"343",343,1966,46,0.00153003061712492
"344",344,1966,47,0.000642714533016164
"345",345,1966,48,0.000588521064145434
"346",346,1966,49,0.000256617425087105
"347",347,1966,50,0.000154491885301583
"348",348,1966,51,9.6330486734372e-05
"349",349,1966,52,8.87432769900915e-05
"350",350,1966,53,7.12294442538605e-05
"351",351,1966,54,0.000119393496997855
"352",352,1966,55,0
"353",353,1967,12,0
"354",354,1967,13,2.51082696397933e-05
"355",355,1967,14,0.000287727503885552
"356",356,1967,15,0.00168711530181926
"357",357,1967,16,0.00790200666476584
"358",358,1967,17,0.0254181592331711
"359",359,1967,18,0.0587875424667674
"360",360,1967,19,0.102534686557797
"361",361,1967,20,0.124703909742797
"362",362,1967,21,0.164390651818353
"363",363,1967,22,0.157369183278015
"364",364,1967,23,0.156694328455415
"365",365,1967,24,0.139306220252672
"366",366,1967,25,0.117508770199895
"367",367,1967,26,0.123572181279726
"368",368,1967,27,0.106101814098123
"369",369,1967,28,0.0973350491707393
"370",370,1967,29,0.0908363500341535
"371",371,1967,30,0.0888865802333134
"372",372,1967,31,0.0769526166128613
"373",373,1967,32,0.0717817400889179
"374",374,1967,33,0.0619208065462511
"375",375,1967,34,0.0490204003629778
"376",376,1967,35,0.0481364268215353
"377",377,1967,36,0.0360850010789936
"378",378,1967,37,0.0310229054637681
"379",379,1967,38,0.0237086874152008
"380",380,1967,39,0.0213100140001088
"381",381,1967,40,0.0152483790637255
"382",382,1967,41,0.0114914003655298
"383",383,1967,42,0.00820192508447619
"384",384,1967,43,0.00554073367922281
"385",385,1967,44,0.00358901686331725
"386",386,1967,45,0.00243347418665644
"387",387,1967,46,0.00138971222124534
"388",388,1967,47,0.000798637071205759
"389",389,1967,48,0.000331932747943598
"390",390,1967,49,0.000275963582711254
"391",391,1967,50,0.000108965961190337
"392",392,1967,51,7.04361979321088e-05
"393",393,1967,52,5.51581716669974e-05
"394",394,1967,53,6.80008821589589e-05
"395",395,1967,54,0.000141823808413951
"396",396,1967,55,0
"397",397,1968,12,0
"398",398,1968,13,2.86540772359316e-05
"399",399,1968,14,0.000312477748609615
"400",400,1968,15,0.00178757675289921
"401",401,1968,16,0.00760750628142573
"402",402,1968,17,0.02712294822929
"403",403,1968,18,0.0586171447650963
"404",404,1968,19,0.101906387140509
"405",405,1968,20,0.128228898914839
"406",406,1968,21,0.134984529862185
"407",407,1968,22,0.169984786052341
"408",408,1968,23,0.150682308808489
"409",409,1968,24,0.148814672211151
"410",410,1968,25,0.130007729889738
"411",411,1968,26,0.105182855489371
"412",412,1968,27,0.110614637025652
"413",413,1968,28,0.0940796416679571
"414",414,1968,29,0.0897370352071833
"415",415,1968,30,0.0797458143171441
"416",416,1968,31,0.0755333849051531
"417",417,1968,32,0.0677865409783189
"418",418,1968,33,0.0610870601303155
"419",419,1968,34,0.0529304721166827
"420",420,1968,35,0.0404390537895151
"421",421,1968,36,0.039011977211355
"422",422,1968,37,0.0295686295920783
"423",423,1968,38,0.0246089664386802
"424",424,1968,39,0.0186624082353088
"425",425,1968,40,0.0155588230106891
"426",426,1968,41,0.0103824153197351
"427",427,1968,42,0.00802161513422551
"428",428,1968,43,0.00502184398170041
"429",429,1968,44,0.0033291786523036
"430",430,1968,45,0.00196174946621663
"431",431,1968,46,0.00119830188860918
"432",432,1968,47,0.000770805883589742
"433",433,1968,48,0.000462365555415757
"434",434,1968,49,0.000140962920382812
"435",435,1968,50,0.00011777357349429
"436",436,1968,51,7.0417361534512e-05
"437",437,1968,52,5.56855549788166e-05
"438",438,1968,53,4.58253423963885e-05
"439",439,1968,54,8.8977748352444e-05
"440",440,1968,55,0
"441",441,1969,12,0
"442",442,1969,13,3.51039119573997e-05
"443",443,1969,14,0.000345130559815365
"444",444,1969,15,0.00186540787297563
"445",445,1969,16,0.00773293903893338
"446",446,1969,17,0.02622557751772
"447",447,1969,18,0.0631588175793494
"448",448,1969,19,0.102256120082739
"449",449,1969,20,0.140233084922156
"450",450,1969,21,0.146753244713506
"451",451,1969,22,0.144240876009718
"452",452,1969,23,0.167715374289568
"453",453,1969,24,0.144140586455091
"454",454,1969,25,0.138585100914657
"455",455,1969,26,0.118812220782639
"456",456,1969,27,0.0961478611213526
"457",457,1969,28,0.0998921618219578
"458",458,1969,29,0.0875430099244374
"459",459,1969,30,0.0820295021100646
"460",460,1969,31,0.0694904189535214
"461",461,1969,32,0.0677367216144708
"462",462,1969,33,0.0583865034055693
"463",463,1969,34,0.0528844072784574
"464",464,1969,35,0.0448233209689032
"465",465,1969,36,0.033437726059823
"466",466,1969,37,0.0312655335665558
"467",467,1969,38,0.0224528326401801
"468",468,1969,39,0.0186489125664007
"469",469,1969,40,0.0135133924324968
"470",470,1969,41,0.0101716312846554
"471",471,1969,42,0.00694320033400284
"472",472,1969,43,0.00464238099770016
"473",473,1969,44,0.00286345997563957
"474",474,1969,45,0.00187557388427051
"475",475,1969,46,0.00101600761094431
"476",476,1969,47,0.000631332709091306
"477",477,1969,48,0.000456106026272541
"478",478,1969,49,0.000284079655278975
"479",479,1969,50,0.000102000083315356
"480",480,1969,51,7.62954238759781e-05
"481",481,1969,52,4.5565542545119e-05
"482",482,1969,53,3.52127490678258e-05
"483",483,1969,54,4.63118599609877e-05
"484",484,1969,55,0
"485",485,1970,12,0
"486",486,1970,13,3.53537214545939e-05
"487",487,1970,14,0.000359943973657695
"488",488,1970,15,0.00192586509280211
"489",489,1970,16,0.00823499222135558
"490",490,1970,17,0.0278379025692152
"491",491,1970,18,0.0654042570260063
"492",492,1970,19,0.116350169119171
"493",493,1970,20,0.141378402806557
"494",494,1970,21,0.165894964829076
"495",495,1970,22,0.156642723627501
"496",496,1970,23,0.141719724448186
"497",497,1970,24,0.155079819592243
"498",498,1970,25,0.12855320535578
"499",499,1970,26,0.122193705054199
"500",500,1970,27,0.109053080377496
"501",501,1970,28,0.0873383328497379
"502",502,1970,29,0.0925099404872099
"503",503,1970,30,0.0773134472077278
"504",504,1970,31,0.0710481713222145
"505",505,1970,32,0.0605540767103777
"506",506,1970,33,0.0575066939523348
"507",507,1970,34,0.0500551031498647
"508",508,1970,35,0.0441726885370353
"509",509,1970,36,0.0366461140549883
"510",510,1970,37,0.0268046081073871
"511",511,1970,38,0.0244538064430962
"512",512,1970,39,0.0175087504252941
"513",513,1970,40,0.0134238236883908
"514",514,1970,41,0.00917543723869056
"515",515,1970,42,0.00669741103833581
"516",516,1970,43,0.00403282550892713
"517",517,1970,44,0.00262537427521235
"518",518,1970,45,0.00148313878562921
"519",519,1970,46,0.000848084787057894
"520",520,1970,47,0.000478747635713392
"521",521,1970,48,0.000342352427254852
"522",522,1970,49,0.000194816675881828
"523",523,1970,50,9.77001709017041e-05
"524",524,1970,51,4.89515120337955e-05
"525",525,1970,52,4.09189391427895e-05
"526",526,1970,53,2.5554503838674e-05
"527",527,1970,54,3.23009667673716e-05
"528",528,1970,55,0
"529",529,1971,12,0
"530",530,1971,13,3.45473571528306e-05
"531",531,1971,14,0.000367855687812409
"532",532,1971,15,0.00211976135341385
"533",533,1971,16,0.00870790402202781
"534",534,1971,17,0.0295078519784102
"535",535,1971,18,0.0683124087466785
"536",536,1971,19,0.117574453614762
"537",537,1971,20,0.156083257679868
"538",538,1971,21,0.161299066896963
"539",539,1971,22,0.164876847667656
"540",540,1971,23,0.145011125030371
"541",541,1971,24,0.128781755469327
"542",542,1971,25,0.137231647815262
"543",543,1971,26,0.117645360285701
"544",544,1971,27,0.114524447873858
"545",545,1971,28,0.103236964767211
"546",546,1971,29,0.0831536327425315
"547",547,1971,30,0.0846884537062512
"548",548,1971,31,0.0706185564608575
"549",549,1971,32,0.0631045050999628
"550",550,1971,33,0.053206363868291
"551",551,1971,34,0.04927584763514
"552",552,1971,35,0.0425208675746012
"553",553,1971,36,0.0370399303370897
"554",554,1971,37,0.0291404873667699
"555",555,1971,38,0.0213677247981423
"556",556,1971,39,0.0190169156909596
"557",557,1971,40,0.012831789157483
"558",558,1971,41,0.00891653177331071
"559",559,1971,42,0.00597138577388526
"560",560,1971,43,0.00392021776123506
"561",561,1971,44,0.00217155647840389
"562",562,1971,45,0.00122524223793239
"563",563,1971,46,0.000613465498039245
"564",564,1971,47,0.000326728855339913
"565",565,1971,48,0.000197339488269131
"566",566,1971,49,0.000130336596849058
"567",567,1971,50,7.25055020324701e-05
"568",568,1971,51,4.11724852518299e-05
"569",569,1971,52,2.22258550337848e-05
"570",570,1971,53,1.75056591625553e-05
"571",571,1971,54,2.12051634088113e-05
"572",572,1971,55,0
"573",573,1972,12,0
"574",574,1972,13,3.4927606735101e-05
"575",575,1972,14,0.000370304171819221
"576",576,1972,15,0.00219632785545669
"577",577,1972,16,0.00947479736473174
"578",578,1972,17,0.0296651374551089
"579",579,1972,18,0.0705586085827869
"580",580,1972,19,0.119005802117816
"581",581,1972,20,0.154209972459581
"582",582,1972,21,0.168691029464984
"583",583,1972,22,0.158889982713412
"584",584,1972,23,0.153869161559268
"585",585,1972,24,0.13173816236452
"586",586,1972,25,0.117685099971373
"587",587,1972,26,0.125474154338954
"588",588,1972,27,0.108811941930643
"589",589,1972,28,0.105527647709435
"590",590,1972,29,0.0967018364354806
"591",591,1972,30,0.0743506588045011
"592",592,1972,31,0.0736038122204081
"593",593,1972,32,0.0615641085529012
"594",594,1972,33,0.0539594869331613
"595",595,1972,34,0.0455481784963677
"596",596,1972,35,0.042121054144332
"597",597,1972,36,0.035418616257455
"598",598,1972,37,0.0300731738196261
"599",599,1972,38,0.0230640124733228
"600",600,1972,39,0.0165776972548176
"601",601,1972,40,0.0135955749927586
"602",602,1972,41,0.00885070433771467
"603",603,1972,42,0.00611052086624381
"604",604,1972,43,0.00351391487607083
"605",605,1972,44,0.00222594040517017
"606",606,1972,45,0.00112636235567369
"607",607,1972,46,0.000599319279045095
"608",608,1972,47,0.000309505814063228
"609",609,1972,48,0.000176929809348417
"610",610,1972,49,0.000126745531972201
"611",611,1972,50,8.7942994869364e-05
"612",612,1972,51,6.19337129971351e-05
"613",613,1972,52,4.11730454932593e-05
"614",614,1972,53,2.22005194043956e-05
"615",615,1972,54,4.93325447548749e-05
"616",616,1972,55,0
"617",617,1973,12,0
"618",618,1973,13,3.54060448680067e-05
"619",619,1973,14,0.000377889480186111
"620",620,1973,15,0.00223998663609158
"621",621,1973,16,0.00913651641407482
"622",622,1973,17,0.0302813798212598
"623",623,1973,18,0.0694413635896366
"624",624,1973,19,0.119845166441809
"625",625,1973,20,0.151474962940097
"626",626,1973,21,0.162584371643139
"627",627,1973,22,0.15987434087358
"628",628,1973,23,0.142175202141773
"629",629,1973,24,0.13738033278109
"630",630,1973,25,0.117713544144054
"631",631,1973,26,0.104226179525916
"632",632,1973,27,0.110623075131896
"633",633,1973,28,0.0932536635696433
"634",634,1973,29,0.0917654189843054
"635",635,1973,30,0.082817851214478
"636",636,1973,31,0.0627993164317796
"637",637,1973,32,0.0622115997923335
"638",638,1973,33,0.051168924345086
"639",639,1973,34,0.0445551347141728
"640",640,1973,35,0.0367407001024397
"641",641,1973,36,0.0333992819068324
"642",642,1973,37,0.0276156707622843
"643",643,1973,38,0.0230511735694231
"644",644,1973,39,0.017325931520598
"645",645,1973,40,0.0118058679695719
"646",646,1973,41,0.0090553325597738
"647",647,1973,42,0.00558256268444755
"648",648,1973,43,0.00367912210142867
"649",649,1973,44,0.00198746119339019
"650",650,1973,45,0.001066184228538
"651",651,1973,46,0.000515408491135746
"652",652,1973,47,0.000279573757227033
"653",653,1973,48,0.00013970163613844
"654",654,1973,49,7.89390992600051e-05
"655",655,1973,50,5.07090992996045e-05
"656",656,1973,51,3.61229740177555e-05
"657",657,1973,52,2.58149612747736e-05
"658",658,1973,53,2.08469847998248e-05
"659",659,1973,54,3.44060163044183e-05
"660",660,1973,55,0
"661",661,1974,12,0
"662",662,1974,13,3.98592406205422e-05
"663",663,1974,14,0.000434228006062499
"664",664,1974,15,0.00243131149970823
"665",665,1974,16,0.00979532217569611
"666",666,1974,17,0.0313516389810143
"667",667,1974,18,0.0745222750608528
"668",668,1974,19,0.122154173332533
"669",669,1974,20,0.159038376894641
"670",670,1974,21,0.167384050769276
"671",671,1974,22,0.163250008397896
"672",672,1974,23,0.153536799383811
"673",673,1974,24,0.134276221800884
"674",674,1974,25,0.128769601987284
"675",675,1974,26,0.110085035391076
"676",676,1974,27,0.0968445334704105
"677",677,1974,28,0.1007061181685
"678",678,1974,29,0.0855109347499641
"679",679,1974,30,0.0809849483170454
"680",680,1974,31,0.0706887982595643
"681",681,1974,32,0.0532882492347492
"682",682,1974,33,0.0521754904317064
"683",683,1974,34,0.0430993149268881
"684",684,1974,35,0.037486163457967
"685",685,1974,36,0.0303113525910742
"686",686,1974,37,0.0268350521634717
"687",687,1974,38,0.021827430549454
"688",688,1974,39,0.0177807015506129
"689",689,1974,40,0.0125273136933507
"690",690,1974,41,0.0082818400151421
"691",691,1974,42,0.00626356109846663
"692",692,1974,43,0.00348016829740724
"693",693,1974,44,0.00210794857194247
"694",694,1974,45,0.0010586032035072
"695",695,1974,46,0.000564076051684591
"696",696,1974,47,0.000257715578717114
"697",697,1974,48,0.000147015617622826
"698",698,1974,49,8.48583332936067e-05
"699",699,1974,50,4.91865935498253e-05
"700",700,1974,51,3.07735780248221e-05
"701",701,1974,52,1.56979046437739e-05
"702",702,1974,53,1.02689380227261e-05
"703",703,1974,54,1.58857400011163e-05
"704",704,1974,55,0
"705",705,1975,12,5.09044030248381e-06
"706",706,1975,13,4.55746310893497e-05
"707",707,1975,14,0.000451762611266526
"708",708,1975,15,0.00263051701355604
"709",709,1975,16,0.0104902182260893
"710",710,1975,17,0.0326863223043146
"711",711,1975,18,0.0756017499643119
"712",712,1975,19,0.126403271375421
"713",713,1975,20,0.156871031079595
"714",714,1975,21,0.16929363903501
"715",715,1975,22,0.16096781441734
"716",716,1975,23,0.150056923960746
"717",717,1975,24,0.138577583633127
"718",718,1975,25,0.120615234557141
"719",719,1975,26,0.116010163002846
"720",720,1975,27,0.0982105886863935
"721",721,1975,28,0.0858884898157687
"722",722,1975,29,0.0891320113960038
"723",723,1975,30,0.074745305902257
"724",724,1975,31,0.0707777261076818
"725",725,1975,32,0.0605847997463299
"726",726,1975,33,0.0442167174516997
"727",727,1975,34,0.0429897348013901
"728",728,1975,35,0.0348459845402119
"729",729,1975,36,0.029426450464115
"730",730,1975,37,0.0231623987262395
"731",731,1975,38,0.0204322994958214
"732",732,1975,39,0.0163939670649694
"733",733,1975,40,0.012567919752016
"734",734,1975,41,0.00837418129353787
"735",735,1975,42,0.00518697144664142
"736",736,1975,43,0.0035107268667424
"737",737,1975,44,0.00187613884843063
"738",738,1975,45,0.00104943865903001
"739",739,1975,46,0.00045898723806765
"740",740,1975,47,0.000264056176622762
"741",741,1975,48,0.000138679522991722
"742",742,1975,49,8.11466582242467e-05
"743",743,1975,50,4.98326543565573e-05
"744",744,1975,51,2.97042877692609e-05
"745",745,1975,52,1.995558062135e-05
"746",746,1975,53,1.57026459482761e-05
"747",747,1975,54,2.5283601852158e-05
"748",748,1975,55,0
"749",749,1976,12,5.14773306164035e-06
"750",750,1976,13,5.57959071591352e-05
"751",751,1976,14,0.000547206217545755
"752",752,1976,15,0.00287053934437331
"753",753,1976,16,0.0115510421831831
"754",754,1976,17,0.0340210245152061
"755",755,1976,18,0.0783010687193935
"756",756,1976,19,0.129439263228324
"757",757,1976,20,0.159982196749029
"758",758,1976,21,0.165650592285373
"759",759,1976,22,0.164477359236994
"760",760,1976,23,0.150356434244741
"761",761,1976,24,0.137568898968517
"762",762,1976,25,0.12710950279689
"763",763,1976,26,0.110174528032258
"764",764,1976,27,0.104601305264943
"765",765,1976,28,0.0868194678116873
"766",766,1976,29,0.075294392723638
"767",767,1976,30,0.0763066979165559
"768",768,1976,31,0.0612101151997723
"769",769,1976,32,0.0568476498836209
"770",770,1976,33,0.0482360838343104
"771",771,1976,34,0.0358722163868427
"772",772,1976,35,0.0344973900684042
"773",773,1976,36,0.0268949107140726
"774",774,1976,37,0.0221436621183608
"775",775,1976,38,0.0174182124016043
"776",776,1976,39,0.0150891834048137
"777",777,1976,40,0.0113621441087153
"778",778,1976,41,0.00837454992414121
"779",779,1976,42,0.00534761538866034
"780",780,1976,43,0.00302191232227002
"781",781,1976,44,0.00194142301583326
"782",782,1976,45,0.00100181152408408
"783",783,1976,46,0.000549701232640265
"784",784,1976,47,0.000231793098016672
"785",785,1976,48,0.00012198785296713
"786",786,1976,49,5.46068658936096e-05
"787",787,1976,50,2.53190151767697e-05
"788",788,1976,51,1.49948322245404e-05
"789",789,1976,52,9.73137339212852e-06
"790",790,1976,53,9.98194816587398e-06
"791",791,1976,54,2.4443881898842e-05
"792",792,1976,55,0
"793",793,1977,12,5.20435988784918e-06
"794",794,1977,13,7.69259207678178e-05
"795",795,1977,14,0.000542092963014659
"796",796,1977,15,0.00317619285175988
"797",797,1977,16,0.0120776491413867
"798",798,1977,17,0.0360151048080671
"799",799,1977,18,0.0790227079335157
"800",800,1977,19,0.130443479726525
"801",801,1977,20,0.159656377175389
"802",802,1977,21,0.164964882491277
"803",803,1977,22,0.157194018723377
"804",804,1977,23,0.148499120812623
"805",805,1977,24,0.133435882951386
"806",806,1977,25,0.122796746240929
"807",807,1977,26,0.113389782718147
"808",808,1977,27,0.0972847608638835
"809",809,1977,28,0.0926701890113945
"810",810,1977,29,0.0765840471857312
"811",811,1977,30,0.0644606068190359
"812",812,1977,31,0.06341375919609
"813",813,1977,32,0.0510218210236222
"814",814,1977,33,0.0469018260909682
"815",815,1977,34,0.0397036867296778
"816",816,1977,35,0.0288293276377357
"817",817,1977,36,0.0268241266151958
"818",818,1977,37,0.0206000626963428
"819",819,1977,38,0.0166663439412461
"820",820,1977,39,0.012510553706297
"821",821,1977,40,0.0103137943439411
"822",822,1977,41,0.00731531492753503
"823",823,1977,42,0.00519478288868159
"824",824,1977,43,0.00310388265608002
"825",825,1977,44,0.00165003019171287
"826",826,1977,45,0.000988237610707976
"827",827,1977,46,0.000440433973176519
"828",828,1977,47,0.000240190668066675
"829",829,1977,48,0.000120673611099798
"830",830,1977,49,7.131625050011e-05
"831",831,1977,50,2.96853208344197e-05
"832",832,1977,51,1.52378942220962e-05
"833",833,1977,52,5.07107229983507e-06
"834",834,1977,53,0
"835",835,1977,54,0
"836",836,1977,55,0
"837",837,1978,12,5.16614976447361e-06
"838",838,1978,13,7.24429402561942e-05
"839",839,1978,14,0.000574278803863814
"840",840,1978,15,0.00344347294873167
"841",841,1978,16,0.0129460227786278
"842",842,1978,17,0.0372154911373678
"843",843,1978,18,0.0833846599463492
"844",844,1978,19,0.130796339993433
"845",845,1978,20,0.162568876416151
"846",846,1978,21,0.167478230496173
"847",847,1978,22,0.156274993882306
"848",848,1978,23,0.141610576052212
"849",849,1978,24,0.133266445583503
"850",850,1978,25,0.120602234841712
"851",851,1978,26,0.110919827646257
"852",852,1978,27,0.101337578550609
"853",853,1978,28,0.0860500109344764
"854",854,1978,29,0.0807966320002872
"855",855,1978,30,0.0647403610118977
"856",856,1978,31,0.0536703552185767
"857",857,1978,32,0.0530970775687363
"858",858,1978,33,0.0418690511868569
"859",859,1978,34,0.0372986419916952
"860",860,1978,35,0.031335839847066
"861",861,1978,36,0.0219986392902705
"862",862,1978,37,0.019931043906447
"863",863,1978,38,0.015025755916457
"864",864,1978,39,0.0118308173362265
"865",865,1978,40,0.00854943324732431
"866",866,1978,41,0.00669984569924491
"867",867,1978,42,0.00463069664362002
"868",868,1978,43,0.00297945393310159
"869",869,1978,44,0.00164964305699424
"870",870,1978,45,0.000806137598037593
"871",871,1978,46,0.000467891492370619
"872",872,1978,47,0.000216196043757308
"873",873,1978,48,0.000119749537523234
"874",874,1978,49,4.34047973467577e-05
"875",875,1978,50,2.04064678656705e-05
"876",876,1978,51,9.82540566407865e-06
"877",877,1978,52,5.16617692312049e-06
"878",878,1978,53,0
"879",879,1978,54,4.60421423150159e-06
"880",880,1978,55,0
"881",881,1979,12,5.03999796625046e-06
"882",882,1979,13,9.79306689843159e-05
"883",883,1979,14,0.000732748286073427
"884",884,1979,15,0.00364492436915864
"885",885,1979,16,0.0134250813467569
"886",886,1979,17,0.0393575080409261
"887",887,1979,18,0.0845828805676172
"888",888,1979,19,0.138006189186696
"889",889,1979,20,0.161836467864854
"890",890,1979,21,0.167943285464123
"891",891,1979,22,0.157199292331131
"892",892,1979,23,0.140303750018688
"893",893,1979,24,0.126965575989151
"894",894,1979,25,0.118403373975788
"895",895,1979,26,0.105736943422601
"896",896,1979,27,0.0957420335115074
"897",897,1979,28,0.086439195483863
"898",898,1979,29,0.073418428804388
"899",899,1979,30,0.0672263294291802
"900",900,1979,31,0.0522320891378972
"901",901,1979,32,0.0436220443684475
"902",902,1979,33,0.0418506766945642
"903",903,1979,34,0.032849734234125
"904",904,1979,35,0.0294930990851652
"905",905,1979,36,0.0239677112079248
"906",906,1979,37,0.0166730791090841
"907",907,1979,38,0.0148556988134879
"908",908,1979,39,0.010761407499992
"909",909,1979,40,0.00811637489567164
"910",910,1979,41,0.00554102051989965
"911",911,1979,42,0.00414262972546947
"912",912,1979,43,0.00265195756018054
"913",913,1979,44,0.00166352831773759
"914",914,1979,45,0.00085026749841536
"915",915,1979,46,0.000394595030172839
"916",916,1979,47,0.000216744255219507
"917",917,1979,48,0.000115487215099393
"918",918,1979,49,6.48497270776106e-05
"919",919,1979,50,1.92726252297926e-05
"920",920,1979,51,1.50711508597925e-05
"921",921,1979,52,1.00287701459617e-05
"922",922,1979,53,4.89813086775035e-06
"923",923,1979,54,9.93257731187411e-06
"924",924,1979,55,0
"925",925,1980,12,5.11630225387393e-06
"926",926,1980,13,8.05207962905043e-05
"927",927,1980,14,0.000729556989883652
"928",928,1980,15,0.00395818426618601
"929",929,1980,16,0.0142186774926923
"930",930,1980,17,0.0394577474608319
"931",931,1980,18,0.0871965665040635
"932",932,1980,19,0.137750572757324
"933",933,1980,20,0.169866573596126
"934",934,1980,21,0.168503501337808
"935",935,1980,22,0.15863829783452
"936",936,1980,23,0.142602774601312
"937",937,1980,24,0.127071007092891
"938",938,1980,25,0.113953783113241
"939",939,1980,26,0.106915392467503
"940",940,1980,27,0.0944901299028036
"941",941,1980,28,0.0844653939377341
"942",942,1980,29,0.0752067518180681
"943",943,1980,30,0.061884113750782
"944",944,1980,31,0.055971726854383
"945",945,1980,32,0.0435072667967511
"946",946,1980,33,0.0356359154610411
"947",947,1980,34,0.0342446491744497
"948",948,1980,35,0.026619764924926
"949",949,1980,36,0.0232092470645673
"950",950,1980,37,0.0180224542644964
"951",951,1980,38,0.0119805595176905
"952",952,1980,39,0.0103062831262084
"953",953,1980,40,0.00724508885855648
"954",954,1980,41,0.00519176563534975
"955",955,1980,42,0.00345120093022482
"956",956,1980,43,0.00237605002271012
"957",957,1980,44,0.00137551359565711
"958",958,1980,45,0.000794655560646147
"959",959,1980,46,0.000360385624373783
"960",960,1980,47,0.000164353527109013
"961",961,1980,48,9.28431297951937e-05
"962",962,1980,49,4.30037016790813e-05
"963",963,1980,50,1.99633139170288e-05
"964",964,1980,51,9.65116774439579e-06
"965",965,1980,52,5.13864516798995e-06
"966",966,1980,53,0
"967",967,1980,54,0
"968",968,1980,55,0
"969",969,1981,12,4.98295460908714e-06
"970",970,1981,13,0.000102335039023934
"971",971,1981,14,0.00075228133037257
"972",972,1981,15,0.00427413566887775
"973",973,1981,16,0.0151340352860446
"974",974,1981,17,0.0401777607281458
"975",975,1981,18,0.0843668415164563
"976",976,1981,19,0.135270183336987
"977",977,1981,20,0.163949381210642
"978",978,1981,21,0.171641524853872
"979",979,1981,22,0.156946854249922
"980",980,1981,23,0.144542155860109
"981",981,1981,24,0.130812620838298
"982",982,1981,25,0.117258762561495
"983",983,1981,26,0.105580727587757
"984",984,1981,27,0.0991738868655707
"985",985,1981,28,0.0869875961276684
"986",986,1981,29,0.0776107275629834
"987",987,1981,30,0.0677709705005568
"988",988,1981,31,0.0543888583742818
"989",989,1981,32,0.0489521594031545
"990",990,1981,33,0.0375507049783433
"991",991,1981,34,0.0303024901408451
"992",992,1981,35,0.0288933111599854
"993",993,1981,36,0.0222596161665302
"994",994,1981,37,0.0185288681955953
"995",995,1981,38,0.0138135261166891
"996",996,1981,39,0.00918443919267845
"997",997,1981,40,0.00762100289060029
"998",998,1981,41,0.00497527605267227
"999",999,1981,42,0.00328876449991578
"1000",1000,1981,43,0.00194318581176925
"1001",1001,1981,44,0.00128544178823837
"1002",1002,1981,45,0.000711412769804997
"1003",1003,1981,46,0.000358066686631271
"1004",1004,1981,47,0.00015457974905761
"1005",1005,1981,48,8.51672337698204e-05
"1006",1006,1981,49,5.64718906940359e-05
"1007",1007,1981,50,1.89851218760317e-05
"1008",1008,1981,51,1.00898397542138e-05
"1009",1009,1981,52,4.82782347899171e-06
"1010",1010,1981,53,0
"1011",1011,1981,54,0
"1012",1012,1981,55,0
"1013",1013,1982,12,9.99350016797319e-06
"1014",1014,1982,13,0.000129549236003684
"1015",1015,1982,14,0.000832177495764538
"1016",1016,1982,15,0.0044099944608151
"1017",1017,1982,16,0.0160079700932406
"1018",1018,1982,17,0.0416976295442707
"1019",1019,1982,18,0.0859335258814704
"1020",1020,1982,19,0.134705361978991
"1021",1021,1982,20,0.166824323381195
"1022",1022,1982,21,0.173093483707067
"1023",1023,1982,22,0.16812390500078
"1024",1024,1982,23,0.14972684055844
"1025",1025,1982,24,0.137571750888585
"1026",1026,1982,25,0.124707634406185
"1027",1027,1982,26,0.111771287614401
"1028",1028,1982,27,0.100166804954812
"1029",1029,1982,28,0.0926224379923477
"1030",1030,1982,29,0.0800975479836555
"1031",1031,1982,30,0.0704164522278164
"1032",1032,1982,31,0.0608500349772995
"1033",1033,1982,32,0.0490936704812714
"1034",1034,1982,33,0.0437548515584715
"1035",1035,1982,34,0.033727491022045
"1036",1036,1982,35,0.027287488249449
"1037",1037,1982,36,0.0250378998850538
"1038",1038,1982,37,0.0183779997915831
"1039",1039,1982,38,0.0148107627069896
"1040",1040,1982,39,0.010865361046681
"1041",1041,1982,40,0.00690652856492371
"1042",1042,1982,41,0.00530706576001775
"1043",1043,1982,42,0.00329359603727264
"1044",1044,1982,43,0.00199939070485901
"1045",1045,1982,44,0.00107939571603827
"1046",1046,1982,45,0.000624432636935975
"1047",1047,1982,46,0.000322159995833263
"1048",1048,1982,47,0.000192378066188635
"1049",1049,1982,48,9.88231812680313e-05
"1050",1050,1982,49,5.11900532906061e-05
"1051",1051,1982,50,3.12742802382791e-05
"1052",1052,1982,51,2.40400404184825e-05
"1053",1053,1982,52,1.50095143261126e-05
"1054",1054,1982,53,4.83460219712234e-06
"1055",1055,1982,54,4.95398558720825e-06
"1056",1056,1982,55,0
"1057",1057,1983,12,4.86397194241148e-06
"1058",1058,1983,13,0.000115066436946875
"1059",1059,1983,14,0.000831153282153508
"1060",1060,1983,15,0.00475142716436432
"1061",1061,1983,16,0.0169130978305944
"1062",1062,1983,17,0.0448692091810038
"1063",1063,1983,18,0.0912733493788395
"1064",1064,1983,19,0.138616195912259
"1065",1065,1983,20,0.167784093600486
"1066",1066,1983,21,0.177522848468959
"1067",1067,1983,22,0.172351754587156
"1068",1068,1983,23,0.16335295502663
"1069",1069,1983,24,0.146850491630155
"1070",1070,1983,25,0.135712401537804
"1071",1071,1983,26,0.123480258204622
"1072",1072,1983,27,0.110944148718597
"1073",1073,1983,28,0.0989671686589491
"1074",1074,1983,29,0.0907218649880649
"1075",1075,1983,30,0.0774353808778644
"1076",1076,1983,31,0.0671177867781608
"1077",1077,1983,32,0.0573960885626919
"1078",1078,1983,33,0.0455061564129721
"1079",1079,1983,34,0.0401403167866733
"1080",1080,1983,35,0.0300223799197359
"1081",1081,1983,36,0.023480858934901
"1082",1082,1983,37,0.0209371668179079
"1083",1083,1983,38,0.0149461561521303
"1084",1084,1983,39,0.0116382305565234
"1085",1085,1983,40,0.00779091055246045
"1086",1086,1983,41,0.00472164899723024
"1087",1087,1983,42,0.00345913395337257
"1088",1088,1983,43,0.00195852480044101
"1089",1089,1983,44,0.00107104476976066
"1090",1090,1983,45,0.000535104844292042
"1091",1091,1983,46,0.000308803742329516
"1092",1092,1983,47,0.000152985996700729
"1093",1093,1983,48,8.44743820109351e-05
"1094",1094,1983,49,5.14039130029008e-05
"1095",1095,1983,50,1.85517943210394e-05
"1096",1096,1983,51,1.58012527393347e-05
"1097",1097,1983,52,1.43526497159785e-05
"1098",1098,1983,53,1.00680234143847e-05
"1099",1099,1983,54,9.68434644283203e-06
"1100",1100,1983,55,0
"1101",1101,1984,12,4.92724389727231e-06
"1102",1102,1984,13,0.000107140778163334
"1103",1103,1984,14,0.000882660012625877
"1104",1104,1984,15,0.00491545879163334
"1105",1105,1984,16,0.0183150032001339
"1106",1106,1984,17,0.0467750156486666
"1107",1107,1984,18,0.0954046268644699
"1108",1108,1984,19,0.144743637441835
"1109",1109,1984,20,0.169952748220084
"1110",1110,1984,21,0.17606926262896
"1111",1111,1984,22,0.170194384476254
"1112",1112,1984,23,0.157505484089847
"1113",1113,1984,24,0.146452058408963
"1114",1114,1984,25,0.129718373625943
"1115",1115,1984,26,0.118641262531968
"1116",1116,1984,27,0.105881760293986
"1117",1117,1984,28,0.0935928967274873
"1118",1118,1984,29,0.0828967832026902
"1119",1119,1984,30,0.074782810170709
"1120",1120,1984,31,0.0630724444022105
"1121",1121,1984,32,0.0549217019490628
"1122",1122,1984,33,0.046678888985379
"1123",1123,1984,34,0.0366987942147194
"1124",1124,1984,35,0.0318585564336026
"1125",1125,1984,36,0.0231447690108269
"1126",1126,1984,37,0.0175470290609127
"1127",1127,1984,38,0.015167885037692
"1128",1128,1984,39,0.0107040145297904
"1129",1129,1984,40,0.00799750805219449
"1130",1130,1984,41,0.00508106322653697
"1131",1131,1984,42,0.00289185416034254
"1132",1132,1984,43,0.0018974387846836
"1133",1133,1984,44,0.000977306972166176
"1134",1134,1984,45,0.000480759261922476
"1135",1135,1984,46,0.000233753617761865
"1136",1136,1984,47,0.000123957674102602
"1137",1137,1984,48,6.99221017569835e-05
"1138",1138,1984,49,5.30138744883685e-05
"1139",1139,1984,50,2.5424450135583e-05
"1140",1140,1984,51,9.47524792037106e-06
"1141",1141,1984,52,1.04101817765676e-05
"1142",1142,1984,53,9.70114068687677e-06
"1143",1143,1984,54,4.92828434736787e-06
"1144",1144,1984,55,0
"1145",1145,1985,12,4.90542262254552e-06
"1146",1146,1985,13,9.37291798614933e-05
"1147",1147,1985,14,0.0008245995964982
"1148",1148,1985,15,0.00515941387335683
"1149",1149,1985,16,0.0186844451303225
"1150",1150,1985,17,0.0490488781862433
"1151",1151,1985,18,0.0961929803513805
"1152",1152,1985,19,0.146076855066652
"1153",1153,1985,20,0.17224237047993
"1154",1154,1985,21,0.174954508681182
"1155",1155,1985,22,0.168021643722559
"1156",1156,1985,23,0.156629538445466
"1157",1157,1985,24,0.143760887671552
"1158",1158,1985,25,0.132505998001459
"1159",1159,1985,26,0.11715679220162
"1160",1160,1985,27,0.106359409919245
"1161",1161,1985,28,0.0944380725042165
"1162",1162,1985,29,0.08274352290207
"1163",1163,1985,30,0.0716956241733256
"1164",1164,1985,31,0.0639551564559104
"1165",1165,1985,32,0.0534958872254929
"1166",1166,1985,33,0.0461163510039078
"1167",1167,1985,34,0.0387839356390256
"1168",1168,1985,35,0.0297838814899705
"1169",1169,1985,36,0.0254073584099001
"1170",1170,1985,37,0.0179458652705962
"1171",1171,1985,38,0.0134669586928272
"1172",1172,1985,39,0.01145926495789
"1173",1173,1985,40,0.00761061154162666
"1174",1174,1985,41,0.00516713221785669
"1175",1175,1985,42,0.00304061453906505
"1176",1176,1985,43,0.00167488720350464
"1177",1177,1985,44,0.00106297266382189
"1178",1178,1985,45,0.000529764151758778
"1179",1179,1985,46,0.000242653374913766
"1180",1180,1985,47,0.000111469464324756
"1181",1181,1985,48,6.74705051680917e-05
"1182",1182,1985,49,3.03872651603699e-05
"1183",1183,1985,50,2.10140681556996e-05
"1184",1184,1985,51,2.10493868803288e-05
"1185",1185,1985,52,1.39862327183469e-05
"1186",1186,1985,53,1.04038166734298e-05
"1187",1187,1985,54,4.66257621532034e-06
"1188",1188,1985,55,0
"1189",1189,1986,12,5.0352901845008e-06
"1190",1190,1986,13,9.32207235485086e-05
"1191",1191,1986,14,0.000874648446178411
"1192",1192,1986,15,0.00514229058517979
"1193",1193,1986,16,0.0195793279696912
"1194",1194,1986,17,0.0495140498208081
"1195",1195,1986,18,0.0998026295241305
"1196",1196,1986,19,0.147397020204859
"1197",1197,1986,20,0.177324931130362
"1198",1198,1986,21,0.182015370442147
"1199",1199,1986,22,0.17275697277434
"1200",1200,1986,23,0.161642121277768
"1201",1201,1986,24,0.150622596918471
"1202",1202,1986,25,0.138302403424039
"1203",1203,1986,26,0.12822086335955
"1204",1204,1986,27,0.113881678682749
"1205",1205,1986,28,0.10274719490421
"1206",1206,1986,29,0.0910853010760408
"1207",1207,1986,30,0.0793583025621198
"1208",1208,1986,31,0.0686881457267771
"1209",1209,1986,32,0.0617441446905082
"1210",1210,1986,33,0.0513221332784
"1211",1211,1986,34,0.0441854087592084
"1212",1212,1986,35,0.0366864851622271
"1213",1213,1986,36,0.0276816994746756
"1214",1214,1986,37,0.0228292365504158
"1215",1215,1986,38,0.0155523293438775
"1216",1216,1986,39,0.0113615094380064
"1217",1217,1986,40,0.00904558801952669
"1218",1218,1986,41,0.00573582725214759
"1219",1219,1986,42,0.00379769750477229
"1220",1220,1986,43,0.00198933163860494
"1221",1221,1986,44,0.000990829061070329
"1222",1222,1986,45,0.000559198545196767
"1223",1223,1986,46,0.000233206965966439
"1224",1224,1986,47,9.90634806302609e-05
"1225",1225,1986,48,5.34014026202119e-05
"1226",1226,1986,49,3.10714455609829e-05
"1227",1227,1986,50,1.51807714614977e-05
"1228",1228,1986,51,1.05181422856377e-05
"1229",1229,1986,52,4.96968132722604e-06
"1230",1230,1986,53,4.94857801886373e-06
"1231",1231,1986,54,1.03966044892725e-05
"1232",1232,1986,55,0
"1233",1233,1987,12,4.92486654586415e-06
"1234",1234,1987,13,0.000110854174742776
"1235",1235,1987,14,0.00093837000739369
"1236",1236,1987,15,0.00555049462049967
"1237",1237,1987,16,0.020358814648619
"1238",1238,1987,17,0.0539499853946457
"1239",1239,1987,18,0.104109310528701
"1240",1240,1987,19,0.154904260987433
"1241",1241,1987,20,0.17838752178622
"1242",1242,1987,21,0.186115688373549
"1243",1243,1987,22,0.177372468333189
"1244",1244,1987,23,0.162566663904415
"1245",1245,1987,24,0.151101178189054
"1246",1246,1987,25,0.139538457471847
"1247",1247,1987,26,0.127426442121207
"1248",1248,1987,27,0.11709212575309
"1249",1249,1987,28,0.103719449295563
"1250",1250,1987,29,0.0933099366167816
"1251",1251,1987,30,0.0817740264967733
"1252",1252,1987,31,0.0708733489132426
"1253",1253,1987,32,0.0611147428159216
"1254",1254,1987,33,0.0547793254991665
"1255",1255,1987,34,0.0447893205418209
"1256",1256,1987,35,0.0380251453493343
"1257",1257,1987,36,0.0307732949549073
"1258",1258,1987,37,0.0221944182522641
"1259",1259,1987,38,0.0179106292783781
"1260",1260,1987,39,0.0119862383467016
"1261",1261,1987,40,0.00836938970382889
"1262",1262,1987,41,0.00637685014937633
"1263",1263,1987,42,0.0038940400531388
"1264",1264,1987,43,0.00233302965095018
"1265",1265,1987,44,0.00108200476871334
"1266",1266,1987,45,0.000484412283417246
"1267",1267,1987,46,0.000250504732178816
"1268",1268,1987,47,0.000100610400047947
"1269",1269,1987,48,5.44661843747508e-05
"1270",1270,1987,49,3.37835909312312e-05
"1271",1271,1987,50,2.09806565277814e-05
"1272",1272,1987,51,5.31422764801508e-06
"1273",1273,1987,52,4.99309786023746e-06
"1274",1274,1987,53,4.96670469588469e-06
"1275",1275,1987,54,4.94530220597611e-06
"1276",1276,1987,55,0
"1277",1277,1988,12,4.96628738973459e-06
"1278",1278,1988,13,5.92309808247954e-05
"1279",1279,1988,14,0.000717186502826649
"1280",1280,1988,15,0.00511119273785965
"1281",1281,1988,16,0.0201505955276118
"1282",1282,1988,17,0.0533826876838554
"1283",1283,1988,18,0.108341149807726
"1284",1284,1988,19,0.156044759319033
"1285",1285,1988,20,0.182072280275227
"1286",1286,1988,21,0.181186807094918
"1287",1287,1988,22,0.173921617883585
"1288",1288,1988,23,0.158714568752412
"1289",1289,1988,24,0.143077492609528
"1290",1290,1988,25,0.131414525232503
"1291",1291,1988,26,0.119435185070949
"1292",1292,1988,27,0.10769245758666
"1293",1293,1988,28,0.0978920925799769
"1294",1294,1988,29,0.0854420508145894
"1295",1295,1988,30,0.0751803472954927
"1296",1296,1988,31,0.0647820007950366
"1297",1297,1988,32,0.0557772851624078
"1298",1298,1988,33,0.0479549953008435
"1299",1299,1988,34,0.0426860555198189
"1300",1300,1988,35,0.0341682211427384
"1301",1301,1988,36,0.0279566159529915
"1302",1302,1988,37,0.0218396665674314
"1303",1303,1988,38,0.0155520488822238
"1304",1304,1988,39,0.0123350187850874
"1305",1305,1988,40,0.00773512296582401
"1306",1306,1988,41,0.0052358671099624
"1307",1307,1988,42,0.00397314352225724
"1308",1308,1988,43,0.00228102366303062
"1309",1309,1988,44,0.00126834988941808
"1310",1310,1988,45,0.00047281785597941
"1311",1311,1988,46,0.000194697010639924
"1312",1312,1988,47,0.000115883872561554
"1313",1313,1988,48,6.26121913356705e-05
"1314",1314,1988,49,4.45835638706071e-05
"1315",1315,1988,50,3.83638092421852e-05
"1316",1316,1988,51,3.58179732282219e-05
"1317",1317,1988,52,2.4990255417813e-05
"1318",1318,1988,53,3.10463563970601e-05
"1319",1319,1988,54,9.8100143731122e-05
"1320",1320,1988,55,0
"1321",1321,1989,12,4.94851782630297e-06
"1322",1322,1989,13,7.45581144917132e-05
"1323",1323,1989,14,0.000903943433351657
"1324",1324,1989,15,0.00611149618532397
"1325",1325,1989,16,0.0220621200686691
"1326",1326,1989,17,0.0574854211077981
"1327",1327,1989,18,0.109683345189336
"1328",1328,1989,19,0.159299343386183
"1329",1329,1989,20,0.177870948785119
"1330",1330,1989,21,0.177548506844969
"1331",1331,1989,22,0.162341201694536
"1332",1332,1989,23,0.150401308726747
"1333",1333,1989,24,0.13502278156476
"1334",1334,1989,25,0.120537004876569
"1335",1335,1989,26,0.109079983885704
"1336",1336,1989,27,0.0972909607366226
"1337",1337,1989,28,0.0862696053990202
"1338",1338,1989,29,0.0773980199628795
"1339",1339,1989,30,0.0665356342931478
"1340",1340,1989,31,0.0576671726028836
"1341",1341,1989,32,0.0495581513476281
"1342",1342,1989,33,0.042123063654719
"1343",1343,1989,34,0.0354190778825033
"1344",1344,1989,35,0.0305416628842763
"1345",1345,1989,36,0.023675204406351
"1346",1346,1989,37,0.0191083373196437
"1347",1347,1989,38,0.0143383126591383
"1348",1348,1989,39,0.00986846120525291
"1349",1349,1989,40,0.00760054633973057
"1350",1350,1989,41,0.00455898081214108
"1351",1351,1989,42,0.00301551909364381
"1352",1352,1989,43,0.00210603068931833
"1353",1353,1989,44,0.00104840055497436
"1354",1354,1989,45,0.000512710036336299
"1355",1355,1989,46,0.000175673819485663
"1356",1356,1989,47,7.14428302845528e-05
"1357",1357,1989,48,5.05862213156848e-05
"1358",1358,1989,49,2.37701538855512e-05
"1359",1359,1989,50,9.9191626356118e-06
"1360",1360,1989,51,9.58984112023697e-06
"1361",1361,1989,52,1.01464794578338e-05
"1362",1362,1989,53,9.84371376984794e-06
"1363",1363,1989,54,1.55462979643307e-05
"1364",1364,1989,55,0
"1365",1365,1990,12,5.02924098102596e-06
"1366",1366,1990,13,9.90757377461835e-05
"1367",1367,1990,14,0.00122916263279406
"1368",1368,1990,15,0.00754708604091043
"1369",1369,1990,16,0.025980243114616
"1370",1370,1990,17,0.0605575616676715
"1371",1371,1990,18,0.112878420523159
"1372",1372,1990,19,0.155739840156134
"1373",1373,1990,20,0.176157841858488
"1374",1374,1990,21,0.168588468450576
"1375",1375,1990,22,0.154894152266362
"1376",1376,1990,23,0.13680623107833
"1377",1377,1990,24,0.125450928842435
"1378",1378,1990,25,0.111818435664987
"1379",1379,1990,26,0.0990037491300921
"1380",1380,1990,27,0.0885832072448886
"1381",1381,1990,28,0.0779092038297273
"1382",1382,1990,29,0.0681338105063203
"1383",1383,1990,30,0.0599906337825979
"1384",1384,1990,31,0.050744925004139
"1385",1385,1990,32,0.0434829642865485
"1386",1386,1990,33,0.036759076450844
"1387",1387,1990,34,0.0308735314552245
"1388",1388,1990,35,0.0255306600277148
"1389",1389,1990,36,0.0215453202317237
"1390",1390,1990,37,0.0162394319212183
"1391",1391,1990,38,0.0126436245234037
"1392",1392,1990,39,0.00926210262165369
"1393",1393,1990,40,0.00613437559317036
"1394",1394,1990,41,0.00447981147301798
"1395",1395,1990,42,0.00253304871976804
"1396",1396,1990,43,0.00153522939420152
"1397",1397,1990,44,0.000962109172475241
"1398",1398,1990,45,0.000413772031548071
"1399",1399,1990,46,0.00018890945628556
"1400",1400,1990,47,8.40932144560179e-05
"1401",1401,1990,48,3.9812664342934e-05
"1402",1402,1990,49,1.99519299079919e-05
"1403",1403,1990,50,9.73960385408194e-06
"1404",1404,1990,51,4.93131279148773e-06
"1405",1405,1990,52,4.60337672253996e-06
"1406",1406,1990,53,5.45273519834193e-06
"1407",1407,1990,54,4.5317152721939e-06
"1408",1408,1990,55,0
"1409",1409,1991,12,4.96322399682221e-06
"1410",1410,1991,13,0.000110631501227937
"1411",1411,1991,14,0.00132550865931736
"1412",1412,1991,15,0.00804483080757909
"1413",1413,1991,16,0.0263453760331751
"1414",1414,1991,17,0.0620071134578825
"1415",1415,1991,18,0.107531145652762
"1416",1416,1991,19,0.149725164706721
"1417",1417,1991,20,0.162451605351179
"1418",1418,1991,21,0.159549037086628
"1419",1419,1991,22,0.142193364057384
"1420",1420,1991,23,0.127252122469192
"1421",1421,1991,24,0.111442144053084
"1422",1422,1991,25,0.101166111446878
"1423",1423,1991,26,0.0892321442326037
"1424",1424,1991,27,0.0780002503652849
"1425",1425,1991,28,0.0683098279390919
"1426",1426,1991,29,0.0594595086515662
"1427",1427,1991,30,0.0512204225311137
"1428",1428,1991,31,0.0444525788154569
"1429",1429,1991,32,0.0372301264230252
"1430",1430,1991,33,0.0316987910696098
"1431",1431,1991,34,0.0265462307158202
"1432",1432,1991,35,0.0218186649087782
"1433",1433,1991,36,0.0175694910888511
"1434",1434,1991,37,0.0144886447574208
"1435",1435,1991,38,0.0106982155867164
"1436",1436,1991,39,0.00829443273284783
"1437",1437,1991,40,0.00593817157414147
"1438",1438,1991,41,0.00372121695138802
"1439",1439,1991,42,0.00254848063701064
"1440",1440,1991,43,0.00133774515020389
"1441",1441,1991,44,0.000740199154558614
"1442",1442,1991,45,0.000433924351388173
"1443",1443,1991,46,0.000190765540440337
"1444",1444,1991,47,8.34318084624673e-05
"1445",1445,1991,48,3.34555078969405e-05
"1446",1446,1991,49,1.32606065774517e-05
"1447",1447,1991,50,4.8579380700703e-06
"1448",1448,1991,51,0
"1449",1449,1991,52,0
"1450",1450,1991,53,0
"1451",1451,1991,54,4.69363037148402e-06
"1452",1452,1991,55,0
"1453",1453,1992,12,4.98498664546366e-06
"1454",1454,1992,13,0.000103971742664235
"1455",1455,1992,14,0.0012756974370018
"1456",1456,1992,15,0.0075143756112524
"1457",1457,1992,16,0.0252629317044858
"1458",1458,1992,17,0.0587394026539132
"1459",1459,1992,18,0.102802946388449
"1460",1460,1992,19,0.133491123029486
"1461",1461,1992,20,0.149647831230195
"1462",1462,1992,21,0.141684271221891
"1463",1463,1992,22,0.130438639657206
"1464",1464,1992,23,0.1134025535438
"1465",1465,1992,24,0.100851021448216
"1466",1466,1992,25,0.0875896563794672
"1467",1467,1992,26,0.0783015369883136
"1468",1468,1992,27,0.0681075384302025
"1469",1469,1992,28,0.0584476819310165
"1470",1470,1992,29,0.0508995589957615
"1471",1471,1992,30,0.0435780656342911
"1472",1472,1992,31,0.036557082105534
"1473",1473,1992,32,0.0316298567244947
"1474",1474,1992,33,0.0262928693472921
"1475",1475,1992,34,0.0222717094986006
"1476",1476,1992,35,0.0184849469524437
"1477",1477,1992,36,0.0148673116538087
"1478",1478,1992,37,0.0117877964081913
"1479",1479,1992,38,0.0095547873595429
"1480",1480,1992,39,0.00686439678268891
"1481",1481,1992,40,0.00513267523263358
"1482",1482,1992,41,0.00349257920414489
"1483",1483,1992,42,0.00206148083628446
"1484",1484,1992,43,0.0013487866937592
"1485",1485,1992,44,0.00061797142725424
"1486",1486,1992,45,0.000289054568172395
"1487",1487,1992,46,0.000171559053285573
"1488",1488,1992,47,7.53348353014295e-05
"1489",1489,1992,48,4.48458534557484e-05
"1490",1490,1992,49,1.87383857447127e-05
"1491",1491,1992,50,9.18500124206515e-06
"1492",1492,1992,51,4.8492597672235e-06
"1493",1493,1992,52,0
"1494",1494,1992,53,0
"1495",1495,1992,54,0
"1496",1496,1992,55,0
"1497",1497,1993,12,4.93861692080579e-06
"1498",1498,1993,13,0.000114814540559996
"1499",1499,1993,14,0.00133319690141995
"1500",1500,1993,15,0.00747442248780136
"1501",1501,1993,16,0.0235164479105023
"1502",1502,1993,17,0.0547443844832688
"1503",1503,1993,18,0.0946317723626013
"1504",1504,1993,19,0.126257793776821
"1505",1505,1993,20,0.131388817330628
"1506",1506,1993,21,0.127854244264919
"1507",1507,1993,22,0.113154249602396
"1508",1508,1993,23,0.103015438846117
"1509",1509,1993,24,0.0895928147398583
"1510",1510,1993,25,0.0788611576478562
"1511",1511,1993,26,0.0677352671246739
"1512",1512,1993,27,0.0600612007094256
"1513",1513,1993,28,0.0516413449423602
"1514",1514,1993,29,0.0436586239002714
"1515",1515,1993,30,0.0368655907766201
"1516",1516,1993,31,0.0307889267997405
"1517",1517,1993,32,0.0254629796682519
"1518",1518,1993,33,0.0216668068302432
"1519",1519,1993,34,0.0178508275961633
"1520",1520,1993,35,0.0148317153977902
"1521",1521,1993,36,0.0119513646016642
"1522",1522,1993,37,0.00928436103577758
"1523",1523,1993,38,0.00713107966455791
"1524",1524,1993,39,0.00564260129346965
"1525",1525,1993,40,0.00388397442150068
"1526",1526,1993,41,0.00277246622304013
"1527",1527,1993,42,0.00178952720637983
"1528",1528,1993,43,0.000999211725578722
"1529",1529,1993,44,0.000586495336361413
"1530",1530,1993,45,0.000242156878464428
"1531",1531,1993,46,0.000115638023289932
"1532",1532,1993,47,7.48363573204757e-05
"1533",1533,1993,48,3.33143728611814e-05
"1534",1534,1993,49,1.1513514374554e-05
"1535",1535,1993,50,4.0935297544326e-06
"1536",1536,1993,51,0
"1537",1537,1993,52,0
"1538",1538,1993,53,0
"1539",1539,1993,54,0
"1540",1540,1993,55,0
"1541",1541,1994,12,5.0145641769931e-06
"1542",1542,1994,13,0.000129077240896745
"1543",1543,1994,14,0.00154695594592154
"1544",1544,1994,15,0.00823124377355776
"1545",1545,1994,16,0.0257433350515958
"1546",1546,1994,17,0.0570175747141756
"1547",1547,1994,18,0.0974347499693381
"1548",1548,1994,19,0.127159950985409
"1549",1549,1994,20,0.136350587792169
"1550",1550,1994,21,0.124596241333438
"1551",1551,1994,22,0.116439259789994
"1552",1552,1994,23,0.102481405390595
"1553",1553,1994,24,0.0939210699844128
"1554",1554,1994,25,0.0821242062730014
"1555",1555,1994,26,0.0724982065644621
"1556",1556,1994,27,0.0623432010395385
"1557",1557,1994,28,0.0545637429276004
"1558",1558,1994,29,0.0463148923677777
"1559",1559,1994,30,0.0384526466926009
"1560",1560,1994,31,0.0316964142393219
"1561",1561,1994,32,0.0263339741105277
"1562",1562,1994,33,0.0216904664838937
"1563",1563,1994,34,0.0180779443241341
"1564",1564,1994,35,0.0144865957330078
"1565",1565,1994,36,0.0116993085768433
"1566",1566,1994,37,0.00897421181794849
"1567",1567,1994,38,0.00674151464126623
"1568",1568,1994,39,0.00505534195772268
"1569",1569,1994,40,0.00378711986532826
"1570",1570,1994,41,0.00239982733001618
"1571",1571,1994,42,0.00158490350935245
"1572",1572,1994,43,0.000947181549404462
"1573",1573,1994,44,0.00048262601049851
"1574",1574,1994,45,0.000251757636989584
"1575",1575,1994,46,9.41120688228626e-05
"1576",1576,1994,47,4.34490512756072e-05
"1577",1577,1994,48,2.42257077678228e-05
"1578",1578,1994,49,1.05359550831394e-05
"1579",1579,1994,50,5.17294087663023e-06
"1580",1580,1994,51,0
"1581",1581,1994,52,0
"1582",1582,1994,53,0
"1583",1583,1994,54,0
"1584",1584,1994,55,0
"1585",1585,1995,12,4.90224009394826e-06
"1586",1586,1995,13,0.00012042500894141
"1587",1587,1995,14,0.00140995178466456
"1588",1588,1995,15,0.00764423236910387
"1589",1589,1995,16,0.0236420724778601
"1590",1590,1995,17,0.052809390775443
"1591",1591,1995,18,0.087236336438469
"1592",1592,1995,19,0.116203284364882
"1593",1593,1995,20,0.126105501676979
"1594",1594,1995,21,0.121457405269503
"1595",1595,1995,22,0.106569899168824
"1596",1596,1995,23,0.0999340875071784
"1597",1597,1995,24,0.0888863393564586
"1598",1598,1995,25,0.081772173768969
"1599",1599,1995,26,0.0712452728327926
"1600",1600,1995,27,0.062582870494829
"1601",1601,1995,28,0.0538634592312171
"1602",1602,1995,29,0.0470664420217102
"1603",1603,1995,30,0.0395472245837612
"1604",1604,1995,31,0.0324709287422327
"1605",1605,1995,32,0.02652674637428
"1606",1606,1995,33,0.0218809511755092
"1607",1607,1995,34,0.0177069339171251
"1608",1608,1995,35,0.0146727346226131
"1609",1609,1995,36,0.0115161675862138
"1610",1610,1995,37,0.00893530748723554
"1611",1611,1995,38,0.00678114555633198
"1612",1612,1995,39,0.00497067202960147
"1613",1613,1995,40,0.00347578547527616
"1614",1614,1995,41,0.00245684177384015
"1615",1615,1995,42,0.00147057846277022
"1616",1616,1995,43,0.000891650542887954
"1617",1617,1995,44,0.000467811877736403
"1618",1618,1995,45,0.000210822639220563
"1619",1619,1995,46,9.63471414716317e-05
"1620",1620,1995,47,3.94750581502801e-05
"1621",1621,1995,48,2.37343145958426e-05
"1622",1622,1995,49,1.32032569326912e-05
"1623",1623,1995,50,0
"1624",1624,1995,51,0
"1625",1625,1995,52,0
"1626",1626,1995,53,0
"1627",1627,1995,54,0
"1628",1628,1995,55,0
"1629",1629,1996,12,4.86696682491419e-06
"1630",1630,1996,13,9.8050877670971e-05
"1631",1631,1996,14,0.00115517561421867
"1632",1632,1996,15,0.00626661202569683
"1633",1633,1996,16,0.0203478381702571
"1634",1634,1996,17,0.0453198636251469
"1635",1635,1996,18,0.0777738357555683
"1636",1636,1996,19,0.102974723166172
"1637",1637,1996,20,0.115345962715222
"1638",1638,1996,21,0.112637657042778
"1639",1639,1996,22,0.104924668683621
"1640",1640,1996,23,0.0922861528442865
"1641",1641,1996,24,0.0872147873260626
"1642",1642,1996,25,0.0769287098459874
"1643",1643,1996,26,0.0708307416521502
"1644",1644,1996,27,0.0618510308914178
"1645",1645,1996,28,0.05410024934837
"1646",1646,1996,29,0.0463017139592488
"1647",1647,1996,30,0.0404037591529278
"1648",1648,1996,31,0.0333055512632513
"1649",1649,1996,32,0.0270438775205199
"1650",1650,1996,33,0.0220996542149867
"1651",1651,1996,34,0.0181723533691357
"1652",1652,1996,35,0.0145941382310941
"1653",1653,1996,36,0.011890410421406
"1654",1654,1996,37,0.00912835938221123
"1655",1655,1996,38,0.00687073102870059
"1656",1656,1996,39,0.00507005441811377
"1657",1657,1996,40,0.00363262274772262
"1658",1658,1996,41,0.00244790017714924
"1659",1659,1996,42,0.00164643772327001
"1660",1660,1996,43,0.000908135101275231
"1661",1661,1996,44,0.000494305705670307
"1662",1662,1996,45,0.000223174795508431
"1663",1663,1996,46,8.60357528763362e-05
"1664",1664,1996,47,4.29514556545992e-05
"1665",1665,1996,48,1.48181476508675e-05
"1666",1666,1996,49,5.2361014751544e-06
"1667",1667,1996,50,0
"1668",1668,1996,51,0
"1669",1669,1996,52,0
"1670",1670,1996,53,0
"1671",1671,1996,54,0
"1672",1672,1996,55,0
"1673",1673,1997,12,5.06887318352122e-06
"1674",1674,1997,13,0.000155937979601748
"1675",1675,1997,14,0.00159549022503848
"1676",1676,1997,15,0.00683682902847942
"1677",1677,1997,16,0.0192739932949681
"1678",1678,1997,17,0.0422592948760344
"1679",1679,1997,18,0.0697606254421665
"1680",1680,1997,19,0.0938623284103534
"1681",1681,1997,20,0.103565522581629
"1682",1682,1997,21,0.104159585983184
"1683",1683,1997,22,0.0979174000978645
"1684",1684,1997,23,0.0915396465594115
"1685",1685,1997,24,0.080932409809699
"1686",1686,1997,25,0.0764448719908175
"1687",1687,1997,26,0.067395810976771
"1688",1688,1997,27,0.0621267985163793
"1689",1689,1997,28,0.0541768688366861
"1690",1690,1997,29,0.0479019077279686
"1691",1691,1997,30,0.04061296340194
"1692",1692,1997,31,0.0343222541338736
"1693",1693,1997,32,0.0286829821948899
"1694",1694,1997,33,0.023298087915801
"1695",1695,1997,34,0.0185232436575782
"1696",1696,1997,35,0.0150764014692297
"1697",1697,1997,36,0.0116085879353218
"1698",1698,1997,37,0.00912297099973305
"1699",1699,1997,38,0.00682000065031916
"1700",1700,1997,39,0.00506705800565719
"1701",1701,1997,40,0.00353449862738849
"1702",1702,1997,41,0.00231131548307112
"1703",1703,1997,42,0.0014423562714211
"1704",1704,1997,43,0.000876398609203074
"1705",1705,1997,44,0.000426650115717004
"1706",1706,1997,45,0.000201833559774932
"1707",1707,1997,46,9.62956147854346e-05
"1708",1708,1997,47,3.35819070956708e-05
"1709",1709,1997,48,1.59804117005743e-05
"1710",1710,1997,49,5.01957361018015e-06
"1711",1711,1997,50,0
"1712",1712,1997,51,4.42874828938452e-06
"1713",1713,1997,52,5.71740589769191e-06
"1714",1714,1997,53,0
"1715",1715,1997,54,6.42027062373072e-06
"1716",1716,1997,55,0
"1717",1717,1998,12,5.0571878925409e-06
"1718",1718,1998,13,0.000146650019859397
"1719",1719,1998,14,0.00143433288751947
"1720",1720,1998,15,0.00620976253487775
"1721",1721,1998,16,0.0184171373417328
"1722",1722,1998,17,0.0387273187535239
"1723",1723,1998,18,0.0673170933188107
"1724",1724,1998,19,0.0904807514307953
"1725",1725,1998,20,0.102868312031571
"1726",1726,1998,21,0.102493258774948
"1727",1727,1998,22,0.0985844489201153
"1728",1728,1998,23,0.0920658432652958
"1729",1729,1998,24,0.0860997164741671
"1730",1730,1998,25,0.0750516180170188
"1731",1731,1998,26,0.0708026973573061
"1732",1732,1998,27,0.0621053909634604
"1733",1733,1998,28,0.0571979645452103
"1734",1734,1998,29,0.0499730585728477
"1735",1735,1998,30,0.0434395563044664
"1736",1736,1998,31,0.0360489707177081
"1737",1737,1998,32,0.0300501011418568
"1738",1738,1998,33,0.0248040645116941
"1739",1739,1998,34,0.0201491920249256
"1740",1740,1998,35,0.0160022105070592
"1741",1741,1998,36,0.0127154885368858
"1742",1742,1998,37,0.00954137072688388
"1743",1743,1998,38,0.00742949789988379
"1744",1744,1998,39,0.00538108131183468
"1745",1745,1998,40,0.00374420859639016
"1746",1746,1998,41,0.00246985027433461
"1747",1747,1998,42,0.0015191062102019
"1748",1748,1998,43,0.000874612130811479
"1749",1749,1998,44,0.000488817133728456
"1750",1750,1998,45,0.000210592233548176
"1751",1751,1998,46,0.000101343508955419
"1752",1752,1998,47,4.05546975162844e-05
"1753",1753,1998,48,1.92389583642856e-05
"1754",1754,1998,49,5.51090483698168e-06
"1755",1755,1998,50,4.76548065165904e-06
"1756",1756,1998,51,5.24185510460798e-06
"1757",1757,1998,52,4.42591239570132e-06
"1758",1758,1998,53,1.05219635917962e-05
"1759",1759,1998,54,1.16121990343897e-05
"1760",1760,1998,55,0
"1761",1761,1999,12,4.91567007687863e-06
"1762",1762,1999,13,0.000116304260720251
"1763",1763,1999,14,0.00118051406614845
"1764",1764,1999,15,0.00504364828497569
"1765",1765,1999,16,0.0150999182701543
"1766",1766,1999,17,0.034090626500578
"1767",1767,1999,18,0.0575631924408962
"1768",1768,1999,19,0.0820064397588577
"1769",1769,1999,20,0.0933784414602921
"1770",1770,1999,21,0.0968433004229065
"1771",1771,1999,22,0.09283489793492
"1772",1772,1999,23,0.0880152192846499
"1773",1773,1999,24,0.0814672039992429
"1774",1774,1999,25,0.0752276951994867
"1775",1775,1999,26,0.0650884305106521
"1776",1776,1999,27,0.0609379782020893
"1777",1777,1999,28,0.0525944185475384
"1778",1778,1999,29,0.0482046782465653
"1779",1779,1999,30,0.0417172876806413
"1780",1780,1999,31,0.0352921468182448
"1781",1781,1999,32,0.0289173939258781
"1782",1782,1999,33,0.0243201058892781
"1783",1783,1999,34,0.0200425355614016
"1784",1784,1999,35,0.0159351097276695
"1785",1785,1999,36,0.0122212795768445
"1786",1786,1999,37,0.0094850209141863
"1787",1787,1999,38,0.00694459703394865
"1788",1788,1999,39,0.00523239608319359
"1789",1789,1999,40,0.00367084011720683
"1790",1790,1999,41,0.00247591424350226
"1791",1791,1999,42,0.00154224156966077
"1792",1792,1999,43,0.000847097770537651
"1793",1793,1999,44,0.000449723665788709
"1794",1794,1999,45,0.000233932682039572
"1795",1795,1999,46,0.000102694476932748
"1796",1796,1999,47,5.05902230271415e-05
"1797",1797,1999,48,2.53210949813207e-05
"1798",1798,1999,49,9.78151335329357e-06
"1799",1799,1999,50,4.96352091246882e-06
"1800",1800,1999,51,5.00939600259892e-06
"1801",1801,1999,52,0
"1802",1802,1999,53,0
"1803",1803,1999,54,4.79939763153013e-06
"1804",1804,1999,55,0
"1805",1805,2000,12,5.0257207763682e-06
"1806",1806,2000,13,0.000103322546810285
"1807",1807,2000,14,0.00106739880289324
"1808",1808,2000,15,0.00469647230427275
"1809",1809,2000,16,0.013692324408865
"1810",1810,2000,17,0.0314239860918634
"1811",1811,2000,18,0.0566182429863408
"1812",1812,2000,19,0.0775565918811537
"1813",1813,2000,20,0.0946936855999889
"1814",1814,2000,21,0.0980582995380007
"1815",1815,2000,22,0.0968128455505626
"1816",1816,2000,23,0.091204775884517
"1817",1817,2000,24,0.0851913182353798
"1818",1818,2000,25,0.0778401779659302
"1819",1819,2000,26,0.0714828125595773
"1820",1820,2000,27,0.0616256929659499
"1821",1821,2000,28,0.0582999669826635
"1822",1822,2000,29,0.05079728405653
"1823",1823,2000,30,0.0456363485260071
"1824",1824,2000,31,0.0380088059592219
"1825",1825,2000,32,0.0319977513382815
"1826",1826,2000,33,0.0261871169048905
"1827",1827,2000,34,0.0216025234138632
"1828",1828,2000,35,0.0171359288413845
"1829",1829,2000,36,0.0133553413056003
"1830",1830,2000,37,0.0101756290830088
"1831",1831,2000,38,0.00771975752973372
"1832",1832,2000,39,0.00548490537333789
"1833",1833,2000,40,0.00399449992397216
"1834",1834,2000,41,0.00262007410244905
"1835",1835,2000,42,0.00159970652061348
"1836",1836,2000,43,0.000922609785047081
"1837",1837,2000,44,0.000476283220346742
"1838",1838,2000,45,0.000225098018535592
"1839",1839,2000,46,0.000104071933398004
"1840",1840,2000,47,5.37285312091484e-05
"1841",1841,2000,48,3.54570895849939e-05
"1842",1842,2000,49,1.0075164443203e-05
"1843",1843,2000,50,4.55418819432616e-06
"1844",1844,2000,51,5.50935821920659e-06
"1845",1845,2000,52,0
"1846",1846,2000,53,0
"1847",1847,2000,54,0
"1848",1848,2000,55,0
"1849",1849,2001,12,5.16939116654651e-06
"1850",1850,2001,13,0.000120412834986241
"1851",1851,2001,14,0.00112275971680509
"1852",1852,2001,15,0.00483920952510643
"1853",1853,2001,16,0.0140222228480903
"1854",1854,2001,17,0.0301805811724534
"1855",1855,2001,18,0.0538905648053289
"1856",1856,2001,19,0.0785210598484437
"1857",1857,2001,20,0.0901799850638345
"1858",1858,2001,21,0.0984707579139564
"1859",1859,2001,22,0.0961169365636984
"1860",1860,2001,23,0.0930032403160349
"1861",1861,2001,24,0.0871482509993534
"1862",1862,2001,25,0.0806225062192395
"1863",1863,2001,26,0.0733828139600295
"1864",1864,2001,27,0.0676878447502229
"1865",1865,2001,28,0.0578538061074056
"1866",1866,2001,29,0.0545067722790174
"1867",1867,2001,30,0.0469045954645344
"1868",1868,2001,31,0.0415326545218044
"1869",1869,2001,32,0.0345126511324126
"1870",1870,2001,33,0.0286014649274621
"1871",1871,2001,34,0.0232711521628467
"1872",1872,2001,35,0.0190227233111324
"1873",1873,2001,36,0.0147517898041991
"1874",1874,2001,37,0.0109927044264711
"1875",1875,2001,38,0.00804474014043824
"1876",1876,2001,39,0.00595746300853909
"1877",1877,2001,40,0.00397378463029316
"1878",1878,2001,41,0.00267052291307051
"1879",1879,2001,42,0.00164069671747547
"1880",1880,2001,43,0.000935905592124747
"1881",1881,2001,44,0.000488578813727228
"1882",1882,2001,45,0.000225390358363493
"1883",1883,2001,46,9.27758992953909e-05
"1884",1884,2001,47,5.18525779945314e-05
"1885",1885,2001,48,2.92521650778522e-05
"1886",1886,2001,49,1.51691500358988e-05
"1887",1887,2001,50,1.01136026636471e-05
"1888",1888,2001,51,4.89172655681978e-06
"1889",1889,2001,52,0
"1890",1890,2001,53,0
"1891",1891,2001,54,4.0032174732653e-06
"1892",1892,2001,55,0
"1893",1893,2002,12,5.23803249296166e-06
"1894",1894,2002,13,0.000139630291564847
"1895",1895,2002,14,0.00122938916858829
"1896",1896,2002,15,0.00495217607909717
"1897",1897,2002,16,0.0141389259891142
"1898",1898,2002,17,0.0304970251425782
"1899",1899,2002,18,0.0525190442225364
"1900",1900,2002,19,0.076112045968298
"1901",1901,2002,20,0.0939704401877162
"1902",1902,2002,21,0.096962024758791
"1903",1903,2002,22,0.101740012870025
"1904",1904,2002,23,0.0984160596978482
"1905",1905,2002,24,0.0932753051618461
"1906",1906,2002,25,0.0855067530466036
"1907",1907,2002,26,0.0787811904332691
"1908",1908,2002,27,0.0717429143877256
"1909",1909,2002,28,0.065621298049456
"1910",1910,2002,29,0.0557609628808179
"1911",1911,2002,30,0.0521779957495437
"1912",1912,2002,31,0.0437848139424481
"1913",1913,2002,32,0.038673163310725
"1914",1914,2002,33,0.0323225036508965
"1915",1915,2002,34,0.0265500713528619
"1916",1916,2002,35,0.0211801687346961
"1917",1917,2002,36,0.0168408736246915
"1918",1918,2002,37,0.0125829420439311
"1919",1919,2002,38,0.0092221687330645
"1920",1920,2002,39,0.00651479883365853
"1921",1921,2002,40,0.00442923077371141
"1922",1922,2002,41,0.00272445689063717
"1923",1923,2002,42,0.00172513216956592
"1924",1924,2002,43,0.000969558063164321
"1925",1925,2002,44,0.00048338324488545
"1926",1926,2002,45,0.000237065948384509
"1927",1927,2002,46,0.00011041498818957
"1928",1928,2002,47,4.88972202673613e-05
"1929",1929,2002,48,2.59866151710155e-05
"1930",1930,2002,49,1.46217416694686e-05
"1931",1931,2002,50,1.00720954582649e-05
"1932",1932,2002,51,5.02896132766434e-06
"1933",1933,2002,52,0
"1934",1934,2002,53,0
"1935",1935,2002,54,4.74787618137411e-06
"1936",1936,2002,55,0
"1937",1937,2003,12,5.23360252479371e-06
"1938",1938,2003,13,0.000151400124236923
"1939",1939,2003,14,0.00136775596191945
"1940",1940,2003,15,0.00540034884278806
"1941",1941,2003,16,0.0144367077268947
"1942",1942,2003,17,0.031395471839994
"1943",1943,2003,18,0.0533219097582767
"1944",1944,2003,19,0.0739361359276681
"1945",1945,2003,20,0.0902798990599552
"1946",1946,2003,21,0.100618975523437
"1947",1947,2003,22,0.0988625698228499
"1948",1948,2003,23,0.101580980738464
"1949",1949,2003,24,0.09629753228508
"1950",1950,2003,25,0.0903891007794137
"1951",1951,2003,26,0.0822779908666949
"1952",1952,2003,27,0.0750819690638779
"1953",1953,2003,28,0.0679926177408021
"1954",1954,2003,29,0.062609442748782
"1955",1955,2003,30,0.0528735918335479
"1956",1956,2003,31,0.048455363485532
"1957",1957,2003,32,0.0400664263480146
"1958",1958,2003,33,0.0350380364173831
"1959",1959,2003,34,0.0290683745133817
"1960",1960,2003,35,0.0237486298233059
"1961",1961,2003,36,0.0180852856250594
"1962",1962,2003,37,0.0136773202014791
"1963",1963,2003,38,0.0100403610360977
"1964",1964,2003,39,0.00706736025547154
"1965",1965,2003,40,0.00473585095686645
"1966",1966,2003,41,0.00315415619040774
"1967",1967,2003,42,0.00181837551250407
"1968",1968,2003,43,0.00100278685629231
"1969",1969,2003,44,0.000509967904177826
"1970",1970,2003,45,0.000244383107382823
"1971",1971,2003,46,0.000100732790293439
"1972",1972,2003,47,5.52753656952302e-05
"1973",1973,2003,48,3.41005570363272e-05
"1974",1974,2003,49,1.58047266451521e-05
"1975",1975,2003,50,0
"1976",1976,2003,51,4.95552513814018e-06
"1977",1977,2003,52,5.03370001710465e-06
"1978",1978,2003,53,0
"1979",1979,2003,54,0
"1980",1980,2003,55,0
"1981",1981,2004,12,1.60906564644897e-05
"1982",1982,2004,13,0.000200849911074015
"1983",1983,2004,14,0.00142515493713592
"1984",1984,2004,15,0.00564933413581279
"1985",1985,2004,16,0.015046450121195
"1986",1986,2004,17,0.0311155734382489
"1987",1987,2004,18,0.0533306673530072
"1988",1988,2004,19,0.073441284110583
"1989",1989,2004,20,0.0863216928713792
"1990",1990,2004,21,0.0953377804858093
"1991",1991,2004,22,0.100821427494934
"1992",1992,2004,23,0.0961210157943955
"1993",1993,2004,24,0.0976386022715168
"1994",1994,2004,25,0.0905526019394399
"1995",1995,2004,26,0.0841656210334195
"1996",1996,2004,27,0.07625112038915
"1997",1997,2004,28,0.0689827232926238
"1998",1998,2004,29,0.0626292541800397
"1999",1999,2004,30,0.0570493892993592
"2000",2000,2004,31,0.0475913731740243
"2001",2001,2004,32,0.0427228066914312
"2002",2002,2004,33,0.0346755456385629
"2003",2003,2004,34,0.0304794747138361
"2004",2004,2004,35,0.0251960666844225
"2005",2005,2004,36,0.0199958770111484
"2006",2006,2004,37,0.014848235127357
"2007",2007,2004,38,0.0109776775217686
"2008",2008,2004,39,0.00774081906666
"2009",2009,2004,40,0.00522301082524425
"2010",2010,2004,41,0.00332473988297794
"2011",2011,2004,42,0.00202995419464971
"2012",2012,2004,43,0.00109809711934095
"2013",2013,2004,44,0.000582470620793551
"2014",2014,2004,45,0.000259373100729818
"2015",2015,2004,46,0.000114575310916086
"2016",2016,2004,47,5.03521028827014e-05
"2017",2017,2004,48,3.00897491112685e-05
"2018",2018,2004,49,1.96393570639162e-05
"2019",2019,2004,50,1.03569441220097e-05
"2020",2020,2004,51,4.89408475431185e-06
"2021",2021,2004,52,0
"2022",2022,2004,53,0
"2023",2023,2004,54,0
"2024",2024,2004,55,0
"2025",2025,2005,12,3.10806968668861e-05
"2026",2026,2005,13,0.000222170614527954
"2027",2027,2005,14,0.00136071135984931
"2028",2028,2005,15,0.00545136321630833
"2029",2029,2005,16,0.0146617625964149
"2030",2030,2005,17,0.0299271379768465
"2031",2031,2005,18,0.0495557365280038
"2032",2032,2005,19,0.0686875510051096
"2033",2033,2005,20,0.0820307070979887
"2034",2034,2005,21,0.0874468298400058
"2035",2035,2005,22,0.0924560061582121
"2036",2036,2005,23,0.0955150257771591
"2037",2037,2005,24,0.0885511719007162
"2038",2038,2005,25,0.0885694834873036
"2039",2039,2005,26,0.0812758501420997
"2040",2040,2005,27,0.0755491743628658
"2041",2041,2005,28,0.0679043558827215
"2042",2042,2005,29,0.0608203564390978
"2043",2043,2005,30,0.0551375423838218
"2044",2044,2005,31,0.0491322214715534
"2045",2045,2005,32,0.0407532901198338
"2046",2046,2005,33,0.0362437474165079
"2047",2047,2005,34,0.0290453488503697
"2048",2048,2005,35,0.0250886653689328
"2049",2049,2005,36,0.0198137594581951
"2050",2050,2005,37,0.0152667554404123
"2051",2051,2005,38,0.0112794914789151
"2052",2052,2005,39,0.0080058967210242
"2053",2053,2005,40,0.00543880572903155
"2054",2054,2005,41,0.00350981749066139
"2055",2055,2005,42,0.00209673595734403
"2056",2056,2005,43,0.00118498769916861
"2057",2057,2005,44,0.000596471269802856
"2058",2058,2005,45,0.00029435791905486
"2059",2059,2005,46,0.000139454320885451
"2060",2060,2005,47,7.48729823566532e-05
"2061",2061,2005,48,3.51964951307489e-05
"2062",2062,2005,49,1.99675917025024e-05
"2063",2063,2005,50,9.72218117986776e-06
"2064",2064,2005,51,1.03359065025594e-05
"2065",2065,2005,52,4.90825509009983e-06
"2066",2066,2005,53,0
"2067",2067,2005,54,0
"2068",2068,2005,55,0
"2069",2069,2006,12,3.2037775237612e-05
"2070",2070,2006,13,0.000197317552891531
"2071",2071,2006,14,0.00136563732317158
"2072",2072,2006,15,0.00534700719596728
"2073",2073,2006,16,0.0147081188150944
"2074",2074,2006,17,0.0301652571565605
"2075",2075,2006,18,0.0498266653527553
"2076",2076,2006,19,0.0681636228432133
"2077",2077,2006,20,0.0806605600622224
"2078",2078,2006,21,0.0882624933375694
"2079",2079,2006,22,0.0904504281788893
"2080",2080,2006,23,0.0938495279855755
"2081",2081,2006,24,0.0940140408845909
"2082",2082,2006,25,0.0839038641555329
"2083",2083,2006,26,0.0827818875023241
"2084",2084,2006,27,0.0755793309285357
"2085",2085,2006,28,0.0701724099176685
"2086",2086,2006,29,0.0631419570179468
"2087",2087,2006,30,0.0555659564728484
"2088",2088,2006,31,0.0494334817620228
"2089",2089,2006,32,0.0435725542705611
"2090",2090,2006,33,0.0360969479877937
"2091",2091,2006,34,0.0316624014692579
"2092",2092,2006,35,0.0247754682007421
"2093",2093,2006,36,0.0207221282483208
"2094",2094,2006,37,0.0158317677165777
"2095",2095,2006,38,0.011976511282238
"2096",2096,2006,39,0.0084322429738964
"2097",2097,2006,40,0.00563758968140178
"2098",2098,2006,41,0.00362172124754298
"2099",2099,2006,42,0.00217494768122003
"2100",2100,2006,43,0.0011734443359692
"2101",2101,2006,44,0.000591598983262657
"2102",2102,2006,45,0.000271138905053942
"2103",2103,2006,46,0.000126984846394822
"2104",2104,2006,47,6.46869309794753e-05
"2105",2105,2006,48,3.98978379048761e-05
"2106",2106,2006,49,2.01686104668553e-05
"2107",2107,2006,50,9.98664459851365e-06
"2108",2108,2006,51,4.97875487140459e-06
"2109",2109,2006,52,0
"2110",2110,2006,53,0
"2111",2111,2006,54,4.96232937302428e-06
"2112",2112,2006,55,0
"2113",2113,2007,12,2.50547998619738e-05
"2114",2114,2007,13,0.000257140676773405
"2115",2115,2007,14,0.00149182401860178
"2116",2116,2007,15,0.0056206616953368
"2117",2117,2007,16,0.0141675102445494
"2118",2118,2007,17,0.0299113866447246
"2119",2119,2007,18,0.0501609432069191
"2120",2120,2007,19,0.0680218084788924
"2121",2121,2007,20,0.0805614718090266
"2122",2122,2007,21,0.0875052699761831
"2123",2123,2007,22,0.09402470240515
"2124",2124,2007,23,0.0957242166530121
"2125",2125,2007,24,0.0990265082143463
"2126",2126,2007,25,0.0979365349873777
"2127",2127,2007,26,0.0859401939962404
"2128",2128,2007,27,0.0854588131003866
"2129",2129,2007,28,0.0788017784562737
"2130",2130,2007,29,0.0733977800776401
"2131",2131,2007,30,0.0652721377158645
"2132",2132,2007,31,0.0566939673193053
"2133",2133,2007,32,0.0501692728639659
"2134",2134,2007,33,0.0435721039054151
"2135",2135,2007,34,0.0363482143557678
"2136",2136,2007,35,0.0314550207589644
"2137",2137,2007,36,0.0238708622601213
"2138",2138,2007,37,0.0195348071802425
"2139",2139,2007,38,0.0145193609119513
"2140",2140,2007,39,0.0105940564259662
"2141",2141,2007,40,0.00700921921943737
"2142",2142,2007,41,0.00435294276346031
"2143",2143,2007,42,0.00261407277465059
"2144",2144,2007,43,0.0014577816175579
"2145",2145,2007,44,0.00072102625470025
"2146",2146,2007,45,0.000333251036128857
"2147",2147,2007,46,0.000149946379134054
"2148",2148,2007,47,7.11278275983677e-05
"2149",2149,2007,48,3.48348803030541e-05
"2150",2150,2007,49,1.49905575144116e-05
"2151",2151,2007,50,1.00712944781748e-05
"2152",2152,2007,51,4.96313607797954e-06
"2153",2153,2007,52,0
"2154",2154,2007,53,0
"2155",2155,2007,54,4.88721671743204e-06
"2156",2156,2007,55,0
"2157",2157,2008,12,3.03947953498148e-05
"2158",2158,2008,13,0.000271232187954968
"2159",2159,2008,14,0.00162984337830357
"2160",2160,2008,15,0.00594024619732373
"2161",2161,2008,16,0.0158128744560776
"2162",2162,2008,17,0.0300590647826519
"2163",2163,2008,18,0.050421663106451
"2164",2164,2008,19,0.0692958372004003
"2165",2165,2008,20,0.0815668508008798
"2166",2166,2008,21,0.0893377650740976
"2167",2167,2008,22,0.0940790298074453
"2168",2168,2008,23,0.100668743413889
"2169",2169,2008,24,0.100666052472535
"2170",2170,2008,25,0.101368658049967
"2171",2171,2008,26,0.0981397530422382
"2172",2172,2008,27,0.0857505578234913
"2173",2173,2008,28,0.0853736856770949
"2174",2174,2008,29,0.0783664749556909
"2175",2175,2008,30,0.0729055166272773
"2176",2176,2008,31,0.0636450962818681
"2177",2177,2008,32,0.0544063494881682
"2178",2178,2008,33,0.0484580691382746
"2179",2179,2008,34,0.0421903888986906
"2180",2180,2008,35,0.0346977809826293
"2181",2181,2008,36,0.0288592868293299
"2182",2182,2008,37,0.02105059702253
"2183",2183,2008,38,0.0169084707603086
"2184",2184,2008,39,0.012131507147901
"2185",2185,2008,40,0.00840610093607007
"2186",2186,2008,41,0.00526109776539217
"2187",2187,2008,42,0.00300074232666653
"2188",2188,2008,43,0.00165296884994549
"2189",2189,2008,44,0.000837115516814695
"2190",2190,2008,45,0.000399792317426755
"2191",2191,2008,46,0.000164181109725435
"2192",2192,2008,47,8.2212301304988e-05
"2193",2193,2008,48,5.07623077858862e-05
"2194",2194,2008,49,2.48881048355302e-05
"2195",2195,2008,50,9.95919684019559e-06
"2196",2196,2008,51,1.00718417364982e-05
"2197",2197,2008,52,9.95562581468231e-06
"2198",2198,2008,53,9.7352931129974e-06
"2199",2199,2008,54,1.02846133002429e-05
"2200",2200,2008,55,0
"2201",2201,2009,12,3.58252752607335e-05
"2202",2202,2009,13,0.000269204986552508
"2203",2203,2009,14,0.00146514282120979
"2204",2204,2009,15,0.00607509233305574
"2205",2205,2009,16,0.0153672404744395
"2206",2206,2009,17,0.0306608929045854
"2207",2207,2009,18,0.0471728708337456
"2208",2208,2009,19,0.0661811876628646
"2209",2209,2009,20,0.0793414654129746
"2210",2210,2009,21,0.087839784437802
"2211",2211,2009,22,0.0954294215402587
"2212",2212,2009,23,0.0997849809404105
"2213",2213,2009,24,0.104887233489522
"2214",2214,2009,25,0.102338140270521
"2215",2215,2009,26,0.100916090081127
"2216",2216,2009,27,0.0963503078999711
"2217",2217,2009,28,0.0831726366176936
"2218",2218,2009,29,0.082823604658452
"2219",2219,2009,30,0.0751310494452911
"2220",2220,2009,31,0.0685373099256282
"2221",2221,2009,32,0.0598090337589585
"2222",2222,2009,33,0.0508050540496913
"2223",2223,2009,34,0.0444598583999977
"2224",2224,2009,35,0.0378204144902613
"2225",2225,2009,36,0.0300401062528662
"2226",2226,2009,37,0.0240461056060111
"2227",2227,2009,38,0.0172233099177239
"2228",2228,2009,39,0.0134476931964234
"2229",2229,2009,40,0.00917787947818624
"2230",2230,2009,41,0.0059341707344336
"2231",2231,2009,42,0.00346800149413599
"2232",2232,2009,43,0.00190548171739851
"2233",2233,2009,44,0.00099660319819307
"2234",2234,2009,45,0.000456555560347549
"2235",2235,2009,46,0.000202942130917039
"2236",2236,2009,47,9.95893354090876e-05
"2237",2237,2009,48,5.31777565469398e-05
"2238",2238,2009,49,3.05211300329237e-05
"2239",2239,2009,50,1.98524730171696e-05
"2240",2240,2009,51,1.50021680046122e-05
"2241",2241,2009,52,1.00742745283449e-05
"2242",2242,2009,53,9.94986821003177e-06
"2243",2243,2009,54,4.98449887461503e-06
"2244",2244,2009,55,0
"2245",2245,2010,12,3.07437863522232e-05
"2246",2246,2010,13,0.000230826028769132
"2247",2247,2010,14,0.00141584953624355
"2248",2248,2010,15,0.00515721284010003
"2249",2249,2010,16,0.014635688270042
"2250",2250,2010,17,0.0287754374579734
"2251",2251,2010,18,0.047197781776487
"2252",2252,2010,19,0.0604240717549466
"2253",2253,2010,20,0.0746560231596851
"2254",2254,2010,21,0.0845715755709499
"2255",2255,2010,22,0.0917501939300013
"2256",2256,2010,23,0.0990815396256765
"2257",2257,2010,24,0.102562267458808
"2258",2258,2010,25,0.106094704866083
"2259",2259,2010,26,0.101560679873871
"2260",2260,2010,27,0.0993607555986158
"2261",2261,2010,28,0.0945561881345362
"2262",2262,2010,29,0.0814854079670733
"2263",2263,2010,30,0.0803929442695528
"2264",2264,2010,31,0.0715598852902402
"2265",2265,2010,32,0.0642727231725054
"2266",2266,2010,33,0.0552992252867808
"2267",2267,2010,34,0.0469119976232605
"2268",2268,2010,35,0.040801217365838
"2269",2269,2010,36,0.0331902998313397
"2270",2270,2010,37,0.025292779849343
"2271",2271,2010,38,0.019921783460666
"2272",2272,2010,39,0.0137499462920654
"2273",2273,2010,40,0.0102339889054539
"2274",2274,2010,41,0.00660346104414731
"2275",2275,2010,42,0.00405913809035131
"2276",2276,2010,43,0.00223009509943234
"2277",2277,2010,44,0.00110296452044058
"2278",2278,2010,45,0.000526221334904584
"2279",2279,2010,46,0.000265817470562644
"2280",2280,2010,47,0.000133559009523971
"2281",2281,2010,48,7.00101514093425e-05
"2282",2282,2010,49,3.86137705954761e-05
"2283",2283,2010,50,1.52654556862545e-05
"2284",2284,2010,51,1.48567476170953e-05
"2285",2285,2010,52,1.50033556584029e-05
"2286",2286,2010,53,1.00736656234316e-05
"2287",2287,2010,54,9.94568727155459e-06
"2288",2288,2010,55,0
"2289",2289,2011,12,3.94147477731994e-05
"2290",2290,2011,13,0.000287175496315623
"2291",2291,2011,14,0.00158582459381786
"2292",2292,2011,15,0.00569556078233766
"2293",2293,2011,16,0.014456630411577
"2294",2294,2011,17,0.0306846353221951
"2295",2295,2011,18,0.047821039990141
"2296",2296,2011,19,0.0642685068743911
"2297",2297,2011,20,0.0716479130752714
"2298",2298,2011,21,0.0833540539035955
"2299",2299,2011,22,0.0921343671308617
"2300",2300,2011,23,0.0991099231831895
"2301",2301,2011,24,0.104321257668675
"2302",2302,2011,25,0.103478783738847
"2303",2303,2011,26,0.103937223131787
"2304",2304,2011,27,0.0973626210218755
"2305",2305,2011,28,0.0941242598865905
"2306",2306,2011,29,0.0887591549311842
"2307",2307,2011,30,0.0753197872312788
"2308",2308,2011,31,0.0728482135306698
"2309",2309,2011,32,0.0640379568704942
"2310",2310,2011,33,0.0573926556402955
"2311",2311,2011,34,0.0491251616329217
"2312",2312,2011,35,0.0409412708766918
"2313",2313,2011,36,0.0342800021590313
"2314",2314,2011,37,0.0270635067714608
"2315",2315,2011,38,0.0202936327215423
"2316",2316,2011,39,0.0151790688636822
"2317",2317,2011,40,0.009884017805696
"2318",2318,2011,41,0.00690656209687659
"2319",2319,2011,42,0.00415241534124901
"2320",2320,2011,43,0.00236360223472395
"2321",2321,2011,44,0.0011635549646504
"2322",2322,2011,45,0.000526964462847477
"2323",2323,2011,46,0.000265480932018039
"2324",2324,2011,47,0.000133033936111424
"2325",2325,2011,48,7.95485371664535e-05
"2326",2326,2011,49,4.99408456104551e-05
"2327",2327,2011,50,2.89654405478641e-05
"2328",2328,2011,51,2.02666088600851e-05
"2329",2329,2011,52,1.98340252770967e-05
"2330",2330,2011,53,1.50121818437067e-05
"2331",2331,2011,54,1.00782545939789e-05
"2332",2332,2011,55,0
"2333",2333,2012,12,4.60648262927426e-05
"2334",2334,2012,13,0.00027591839753239
"2335",2335,2012,14,0.00158888794744693
"2336",2336,2012,15,0.00581366723553085
"2337",2337,2012,16,0.014939358969003
"2338",2338,2012,17,0.0301914423868453
"2339",2339,2012,18,0.0520724418863824
"2340",2340,2012,19,0.0670928392316746
"2341",2341,2012,20,0.0790983885418417
"2342",2342,2012,21,0.0826994065420602
"2343",2343,2012,22,0.0947620459811501
"2344",2344,2012,23,0.104846980784885
"2345",2345,2012,24,0.110435346288221
"2346",2346,2012,25,0.111869368357707
"2347",2347,2012,26,0.107645896663982
"2348",2348,2012,27,0.10631435603062
"2349",2349,2012,28,0.0984657796634065
"2350",2350,2012,29,0.0946908928088402
"2351",2351,2012,30,0.0885475987373347
"2352",2352,2012,31,0.0737233684364334
"2353",2353,2012,32,0.0704997858597406
"2354",2354,2012,33,0.062079390623939
"2355",2355,2012,34,0.0553798610371321
"2356",2356,2012,35,0.0462759424774608
"2357",2357,2012,36,0.0371596414788431
"2358",2358,2012,37,0.0300556360414011
"2359",2359,2012,38,0.0230862042722477
"2360",2360,2012,39,0.0165145512122123
"2361",2361,2012,40,0.011609169218116
"2362",2362,2012,41,0.00714928505768403
"2363",2363,2012,42,0.00461959028415768
"2364",2364,2012,43,0.00249668813149166
"2365",2365,2012,44,0.00129244557004595
"2366",2366,2012,45,0.000617173821358954
"2367",2367,2012,46,0.000285300753405671
"2368",2368,2012,47,0.000145709219379656
"2369",2369,2012,48,8.36657345804581e-05
"2370",2370,2012,49,4.46534117296253e-05
"2371",2371,2012,50,2.49736049771841e-05
"2372",2372,2012,51,1.44815574500534e-05
"2373",2373,2012,52,1.01337714594645e-05
"2374",2374,2012,53,9.91623655551921e-06
"2375",2375,2012,54,9.96881186047599e-06
"2376",2376,2012,55,0
"2377",2377,2013,12,3.41335518868283e-05
"2378",2378,2013,13,0.00030201724481803
"2379",2379,2013,14,0.00151226368494199
"2380",2380,2013,15,0.00568452471747834
"2381",2381,2013,16,0.014667412054954
"2382",2382,2013,17,0.02977610607786
"2383",2383,2013,18,0.0490825250820015
"2384",2384,2013,19,0.068850657621839
"2385",2385,2013,20,0.0775216247791998
"2386",2386,2013,21,0.0867056565960328
"2387",2387,2013,22,0.0896841241274618
"2388",2388,2013,23,0.10195786324376
"2389",2389,2013,24,0.109740696187972
"2390",2390,2013,25,0.112021486394717
"2391",2391,2013,26,0.110948975636581
"2392",2392,2013,27,0.10498557435956
"2393",2393,2013,28,0.102304703964006
"2394",2394,2013,29,0.0940321706650297
"2395",2395,2013,30,0.0892858477844139
"2396",2396,2013,31,0.0816982990352765
"2397",2397,2013,32,0.0672170313864948
"2398",2398,2013,33,0.0643168547473743
"2399",2399,2013,34,0.0561690246002594
"2400",2400,2013,35,0.0493351985940924
"2401",2401,2013,36,0.0402645744753276
"2402",2402,2013,37,0.0309948918941224
"2403",2403,2013,38,0.0242755917722446
"2404",2404,2013,39,0.0180624871213322
"2405",2405,2013,40,0.0122432752081411
"2406",2406,2013,41,0.00808363307834888
"2407",2407,2013,42,0.00455599911524772
"2408",2408,2013,43,0.00266484842544324
"2409",2409,2013,44,0.00134119229929284
"2410",2410,2013,45,0.000646143724840291
"2411",2411,2013,46,0.000288252029678563
"2412",2412,2013,47,0.000148316495050959
"2413",2413,2013,48,0.000100337226796483
"2414",2414,2013,49,5.41725027918092e-05
"2415",2415,2013,50,3.48859093429145e-05
"2416",2416,2013,51,1.97954727142849e-05
"2417",2417,2013,52,9.66438583370297e-06
"2418",2418,2013,53,1.01355370167172e-05
"2419",2419,2013,54,1.48450316060716e-05
"2420",2420,2013,55,0
"2421",2421,2014,12,0
"2422",2422,2014,13,9e-05
"2423",2423,2014,14,0.00052
"2424",2424,2014,15,0.00267
"2425",2425,2014,16,0.00879
"2426",2426,2014,17,0.02073
"2427",2427,2014,18,0.03821
"2428",2428,2014,19,0.05785
"2429",2429,2014,20,0.07274
"2430",2430,2014,21,0.0818
"2431",2431,2014,22,0.08936
"2432",2432,2014,23,0.09559
"2433",2433,2014,24,0.10345
"2434",2434,2014,25,0.11339
"2435",2435,2014,26,0.11618
"2436",2436,2014,27,0.11368
"2437",2437,2014,28,0.10631
"2438",2438,2014,29,0.10025
"2439",2439,2014,30,0.09642
"2440",2440,2014,31,0.08863
"2441",2441,2014,32,0.08032
"2442",2442,2014,33,0.06893
"2443",2443,2014,34,0.06117
"2444",2444,2014,35,0.05583
"2445",2445,2014,36,0.04721
"2446",2446,2014,37,0.03831
"2447",2447,2014,38,0.02936
"2448",2448,2014,39,0.02224
"2449",2449,2014,40,0.01602
"2450",2450,2014,41,0.01072
"2451",2451,2014,42,0.00688
"2452",2452,2014,43,0.00386
"2453",2453,2014,44,0.00204
"2454",2454,2014,45,0.00106
"2455",2455,2014,46,0.00053
"2456",2456,2014,47,0.00025
"2457",2457,2014,48,0.00014
"2458",2458,2014,49,9e-05
"2459",2459,2014,50,5e-05
"2460",2460,2014,51,3e-05
"2461",2461,2014,52,2e-05
"2462",2462,2014,53,2e-05
"2463",2463,2014,54,1e-05
"2464",2464,2014,55,2e-05
