total 13.0 13.1 13.0 12.9 14.4 14.4 14.2 14.0 11.9 11.9 12.0 11.9
01) 8.2 7.4 6.5 6.0 9.0 8.1 7.3 6.6 7.2 6.6 5.7 5.4
1-4 0.4 0.4 0.4 0.4 0.5 0.5 0.4 0.4 0.4 0.4 0.3 0.3
5-9 0.2 0.2 0.2 0.2 0.3 0.3 0.3 0.2 0.2 0.2 0.2 0.2
10-14 0.3 0.3 0.3 0.3 0.4 0.4 0.3 0.3 0.2 0.2 0.2 0.2
15-19 0.8 0.8 0.7 0.7 1.1 1.1 1.0 0.9 0.4 0.5 0.4 0.4
20-24 1.5 1.4 1.3 1.1 2.3 2.2 1.9 1.7 0.6 0.6 0.6 0.5
25-29 2.4 2.3 2.0 1.8 3.6 3.5 3.1 2.7 1.1 1.1 1.0 0.9
30-34 3.9 3.7 3.4 3.1 5.9 5.7 5.1 4.6 1.8 1.8 1.7 1.6
35-39 4.8 5.0 4.8 4.5 7.5 7.8 7.3 6.9 2.3 2.4 2.4 2.3
40-44 5.6 5.7 5.7 5.5 8.5 8.7 8.6 8.3 2.9 2.9 2.9 2.8
45-49 7.3 7.3 7.1 6.8 11.2 11.2 10.8 10.3 3.7 3.8 3.7 3.6
50-54 9.9 9.8 9.6 9.4 15.5 15.3 15.0 14.6 5.1 5.1 5.0 4.9
55-59 14.0 13.9 13.5 13.2 22.1 22.0 21.4 20.7 7.7 7.6 7.4 7.2
60-64 20.1 19.8 19.5 19.1 32.6 32.0 31.6 31.2 11.4 11.2 11.0 10.7
65-69 26.0 26.2 26.2 26.4 40.9 41.4 41.5 41.9 16.6 16.6 16.6 16.7
70-74 40.1 39.1 38.4 36.7 62.1 60.4 58.9 55.9 29.2 28.4 28.0 26.6
75-79 58.4 58.2 58.0 57.1 83.4 83.5 83.3 82.5 47.4 47.3 47.1 46.3
80-84 98.9 96.7 95.2 92.2 124.7 121.4 118.8 116.0 89.8 87.9 86.7 83.6
85 171.8 171.5 172.5 171.2 175.7 176.9 175.6 172.0 170.6 169.9 171.5 170.